url,srcFileName,ignoredMappings,ignoredElements,TP_raw,TP,FP,FN,TP_raw,TP,FP,FN,TP_raw,TP,FP,FN,TP_raw,TP,FP,FN,TP_raw,TP,FP,FN,TP_raw,TP,FP,FN
Closure/commit/105,src_com_google_javascript_jscomp_FoldConstants.json,1430,57,1510,80,0,4,59,2,0,0,1513,83,0,1,59,2,0,0,1510,80,1,4,59,2,0,0
Cli/commit/7,src_java_org_apache_commons_cli2_builder_PatternBuilder.json,129,10,132,3,0,0,12,2,0,0,132,3,0,0,12,2,0,0,131,2,1,1,11,1,0,1
Closure/commit/104,src_com_google_javascript_rhino_jstype_UnionType.json,350,31,382,32,0,0,33,2,0,0,380,30,0,2,33,2,0,0,381,31,0,1,33,2,0,0
Closure/commit/106,src_com_google_javascript_rhino_JSDocInfoBuilder.json,522,54,532,10,0,0,56,2,0,0,528,6,1,4,56,2,0,0,531,9,1,1,56,2,0,0
Closure/commit/106,src_com_google_javascript_jscomp_GlobalNamespace.json,695,82,708,13,0,0,85,3,0,0,707,12,0,1,85,3,0,0,708,13,0,0,85,3,0,0
Cli/commit/2,src_java_org_apache_commons_cli_PosixParser.json,98,10,124,26,0,0,12,2,0,0,124,26,1,0,12,2,0,0,122,24,1,2,12,2,0,0
Closure/commit/101,src_com_google_javascript_jscomp_CommandLineRunner.json,151,49,172,21,0,2,51,2,0,0,171,20,0,3,51,2,0,0,172,21,0,2,51,2,0,0
Cli/commit/3,src_java_org_apache_commons_cli_TypeHandler.json,117,8,133,16,0,0,10,2,0,0,132,15,1,1,10,2,0,0,132,15,1,1,10,2,0,0
Closure/commit/100,src_com_google_javascript_jscomp_CheckGlobalThis.json,39,7,84,45,0,0,10,3,0,0,83,44,1,1,10,3,0,0,83,44,1,1,10,3,0,0
Cli/commit/4,src_java_org_apache_commons_cli_Parser.json,168,11,184,16,0,0,13,2,0,0,181,13,0,3,13,2,0,0,184,16,0,0,13,2,0,0
Closure/commit/103,src_com_google_javascript_jscomp_DisambiguateProperties.json,760,94,790,30,0,0,97,3,0,0,789,29,0,1,97,3,0,0,790,30,0,0,97,3,0,0
Closure/commit/103,src_com_google_javascript_jscomp_ControlFlowAnalysis.json,707,54,733,26,0,0,56,2,0,0,731,24,0,2,56,2,0,0,733,26,0,0,56,2,0,0
Cli/commit/5,src_java_org_apache_commons_cli_Util.json,12,1,25,13,0,0,3,2,0,0,25,13,0,0,3,2,0,0,25,13,0,0,3,2,0,0
Closure/commit/102,src_com_google_javascript_jscomp_Normalize.json,355,35,371,16,0,0,37,2,0,0,370,15,0,1,37,2,0,0,371,16,0,0,37,2,0,0
Cli/commit/1,src_java_org_apache_commons_cli_CommandLine.json,65,12,120,55,0,4,20,8,0,0,111,46,28,13,19,7,0,1,112,47,22,12,20,8,0,0
Closure/commit/107,src_com_google_javascript_jscomp_CommandLineRunner.json,349,100,393,44,0,0,102,2,0,0,391,42,0,2,102,2,0,0,393,44,0,0,102,2,0,0
Closure/commit/109,src_com_google_javascript_jscomp_parsing_JsDocInfoParser.json,1795,99,1803,8,0,2,101,2,0,0,1801,6,1,4,101,2,0,0,1804,9,1,1,101,2,0,0
Closure/commit/108,src_com_google_javascript_jscomp_ScopedAliases.json,278,50,406,128,0,0,55,5,0,0,403,125,0,3,55,5,0,0,406,128,0,0,55,5,0,0
Math/commit/12,src_main_java_org_apache_commons_math3_random_BitsStreamGenerator.json,114,15,117,3,0,0,16,1,0,0,117,3,0,0,16,1,0,0,117,3,0,0,16,1,0,0
Math/commit/11,src_main_java_org_apache_commons_math3_distribution_MultivariateNormalDistribution.json,102,12,117,15,0,0,14,2,0,0,116,14,1,1,14,2,0,0,115,13,0,2,14,2,0,0
Math/commit/19,src_main_java_org_apache_commons_math3_optimization_direct_CMAESOptimizer.json,829,111,878,49,0,0,113,2,0,0,876,47,0,2,113,2,0,0,878,49,0,0,113,2,0,0
Math/commit/20,src_main_java_org_apache_commons_math3_optimization_direct_CMAESOptimizer.json,868,110,879,11,0,0,113,3,0,0,877,9,0,2,113,3,0,0,879,11,0,0,113,3,0,0
Math/commit/18,src_main_java_org_apache_commons_math3_optimization_direct_CMAESOptimizer.json,838,108,886,48,0,5,113,5,0,0,886,48,2,5,113,5,0,0,889,51,2,2,113,5,0,0
Math/commit/17,src_main_java_org_apache_commons_math3_dfp_Dfp.json,1665,95,1673,8,0,0,97,2,0,0,1670,5,1,3,97,2,0,0,1672,7,1,1,97,2,0,0
Math/commit/16,src_main_java_org_apache_commons_math3_util_FastMath.json,2140,128,2306,166,0,0,131,3,0,0,2296,156,8,10,131,3,0,0,2298,158,10,8,131,3,0,0
Math/commit/15,src_main_java_org_apache_commons_math3_util_FastMath.json,2153,130,2328,175,0,0,132,2,0,0,2326,173,0,2,132,2,0,0,2328,175,0,0,132,2,0,0
Math/commit/14,src_main_java_org_apache_commons_math3_optim_nonlinear_vector_Weight.json,13,3,20,7,0,1,5,2,0,0,21,8,2,0,5,2,0,0,21,8,0,0,5,2,0,0
Math/commit/14,src_main_java_org_apache_commons_math3_optim_nonlinear_vector_jacobian_AbstractLeastSquaresOptimizer.json,96,14,106,10,0,0,16,2,0,0,105,9,1,1,16,2,0,0,105,9,1,1,16,2,0,0
Math/commit/13,src_main_java_org_apache_commons_math3_optimization_general_AbstractLeastSquaresOptimizer.json,194,32,205,11,0,0,34,2,0,0,199,5,1,6,33,1,0,1,204,10,1,1,34,2,0,0
Closure/commit/7,src_com_google_javascript_jscomp_type_ChainableReverseAbstractInterpreter.json,604,88,619,15,3,6,91,3,0,0,617,13,5,8,91,3,0,0,619,15,3,6,91,3,0,0
Closure/commit/5,src_com_google_javascript_jscomp_InlineObjectLiterals.json,206,15,264,58,0,0,18,3,0,0,261,55,0,3,18,3,0,0,264,58,0,0,18,3,0,0
Closure/commit/6,src_com_google_javascript_jscomp_TypeValidator.json,470,57,505,35,0,0,60,3,0,0,500,30,5,5,60,3,0,0,499,29,8,6,60,3,0,0
Closure/commit/3,src_com_google_javascript_jscomp_FlowSensitiveInlineVariables.json,220,31,317,97,0,0,36,5,0,0,316,96,0,1,36,5,0,0,317,97,0,0,36,5,0,0
Closure/commit/4,src_com_google_javascript_rhino_jstype_NamedType.json,241,33,268,27,0,0,35,2,0,0,267,26,0,1,35,2,0,0,268,27,0,0,35,2,0,0
Closure/commit/1,src_com_google_javascript_jscomp_RemoveUnusedVars.json,559,57,586,27,0,0,59,2,0,0,585,26,0,1,59,2,0,0,586,27,0,0,59,2,0,0
Closure/commit/2,src_com_google_javascript_jscomp_TypeCheck.json,1158,91,1185,27,0,0,93,2,0,0,1183,25,0,2,93,2,0,0,1185,27,0,0,93,2,0,0
JacksonDatabind/commit/99,src_main_java_com_fasterxml_jackson_databind_type_ReferenceType.json,209,26,221,12,0,0,28,2,0,0,221,12,0,0,28,2,0,0,221,12,0,0,28,2,0,0
Closure/commit/8,src_com_google_javascript_jscomp_CollapseVariableDeclarations.json,109,14,129,20,0,0,17,3,0,0,129,20,1,0,17,3,0,0,129,20,0,0,17,3,0,0
Closure/commit/9,src_com_google_javascript_jscomp_ProcessCommonJSModules.json,153,27,187,34,0,0,31,4,0,0,184,31,2,3,31,4,0,0,186,33,2,1,31,4,0,0
Collections/commit/25,src_main_java_org_apache_commons_collections4_IteratorUtils.json,735,72,768,33,0,0,76,4,0,0,763,28,3,5,76,4,0,0,765,30,3,3,76,4,0,0
Collections/commit/26,src_main_java_org_apache_commons_collections4_keyvalue_MultiKey.json,108,16,116,8,0,0,18,2,0,0,116,8,0,0,18,2,0,0,116,8,0,0,18,2,0,0
JacksonDatabind/commit/96,src_main_java_com_fasterxml_jackson_databind_deser_BasicDeserializerFactory.json,1535,69,1592,57,0,0,71,2,0,0,1589,54,0,3,71,2,0,0,1592,57,0,0,71,2,0,0
Collections/commit/27,src_main_java_org_apache_commons_collections4_map_MultiValueMap.json,347,46,353,6,0,0,48,2,0,0,351,4,0,2,48,2,0,0,353,6,0,0,48,2,0,0
Collections/commit/28,src_main_java_org_apache_commons_collections4_trie_AbstractPatriciaTrie.json,1832,214,1836,4,0,0,216,2,0,0,1834,2,0,2,216,2,0,0,1836,4,0,0,216,2,0,0
JacksonDatabind/commit/98,src_main_java_com_fasterxml_jackson_databind_deser_impl_ExternalTypeHandler.json,339,36,388,49,0,0,38,2,0,0,385,46,1,3,38,2,0,0,387,48,1,1,38,2,0,0
JacksonDatabind/commit/92,src_main_java_com_fasterxml_jackson_databind_deser_BeanDeserializerFactory.json,547,27,562,15,0,0,28,1,0,0,560,13,0,2,28,1,0,0,562,15,0,0,28,1,0,0
JacksonDatabind/commit/93,src_main_java_com_fasterxml_jackson_databind_jsontype_impl_SubTypeValidator.json,9,6,58,49,0,0,8,2,0,0,58,49,0,0,8,2,0,0,58,49,0,0,8,2,0,0
JacksonDatabind/commit/94,src_main_java_com_fasterxml_jackson_databind_jsontype_impl_SubTypeValidator.json,9,6,57,48,0,0,8,2,0,0,57,48,0,0,8,2,0,0,57,48,0,0,8,2,0,0
JacksonDatabind/commit/88,src_main_java_com_fasterxml_jackson_databind_jsontype_impl_ClassNameIdResolver.json,89,8,116,27,0,0,10,2,0,0,116,27,0,0,10,2,0,0,116,27,0,0,10,2,0,0
JacksonDatabind/commit/89,src_main_java_com_fasterxml_jackson_databind_deser_BeanDeserializerFactory.json,568,27,583,15,0,0,28,1,0,0,581,13,0,2,28,1,0,0,583,15,0,0,28,1,0,0
JacksonDataBind/commit/91,src_main_java_com_fasterxml_jackson_databind_deser_DeserializerCache.json,334,22,350,16,0,0,24,2,0,0,346,12,0,4,24,2,0,0,349,15,0,1,24,2,0,0
JacksonDataBind/commit/95,src_main_java_com_fasterxml_jackson_databind_type_TypeFactory.json,876,91,940,64,2,2,94,3,0,0,939,63,2,3,94,3,0,0,942,66,0,0,94,3,0,0
JacksonDataBind/commit/95,src_main_java_com_fasterxml_jackson_databind_type_TypeParser.json,109,18,131,22,0,0,20,2,0,0,131,22,0,0,20,2,0,0,131,22,0,0,20,2,0,0
JacksonDataBind/commit/97,src_main_java_com_fasterxml_jackson_databind_node_POJONode.json,126,16,144,18,0,3,18,2,0,0,146,20,1,1,18,2,0,0,143,17,0,4,18,2,0,0
JacksonDatabind/commit/90,src_main_java_com_fasterxml_jackson_databind_deser_ValueInstantiator.json,229,36,237,8,0,0,38,2,0,0,237,8,0,0,38,2,0,0,237,8,0,0,38,2,0,0
JacksonDatabind/commit/90,src_main_java_com_fasterxml_jackson_databind_deser_std_StdValueInstantiator.json,442,62,445,3,0,0,63,1,0,0,443,1,0,2,63,1,0,0,445,3,0,0,63,1,0,0
Math/commit/23,src_main_java_org_apache_commons_math3_optimization_univariate_BrentOptimizer.json,39,7,178,139,0,0,9,2,0,0,176,137,0,2,9,2,0,0,178,139,0,0,9,2,0,0
Math/commit/22,src_main_java_org_apache_commons_math3_distribution_FDistribution.json,124,22,132,8,0,0,24,2,0,0,132,8,0,0,24,2,0,0,132,8,0,0,24,2,0,0
Math/commit/22,src_main_java_org_apache_commons_math3_distribution_UniformRealDistribution.json,99,19,107,8,0,0,21,2,0,0,107,8,0,0,21,2,0,0,107,8,0,0,21,2,0,0
Jsoup/commit/2,src_main_java_org_jsoup_parser_Parser.json,217,26,261,44,0,0,28,2,0,0,259,42,0,2,28,2,0,0,261,44,0,0,28,2,0,0
Codec/commit/17,src_main_java_org_apache_commons_codec_binary_StringUtils.json,169,19,180,11,0,0,21,2,0,0,178,9,1,2,21,2,0,0,178,9,0,2,21,2,0,0
Jsoup/commit/1,src_main_java_org_jsoup_nodes_Document.json,85,11,107,22,0,0,13,2,0,0,107,22,0,0,13,2,0,0,107,22,0,0,13,2,0,0
Jsoup/commit/5,src_main_java_org_jsoup_parser_Parser.json,248,28,280,32,0,0,30,2,0,0,278,30,0,2,30,2,0,0,280,32,0,0,30,2,0,0
Codec/commit/12,src_main_java_org_apache_commons_codec_binary_BaseNCodecInputStream.json,66,7,68,2,0,0,8,1,0,0,68,2,0,0,8,1,0,0,68,2,0,0,8,1,0,0
Jsoup/commit/4,src_main_java_org_jsoup_nodes_Entities.json,25,8,75,50,0,0,10,2,0,0,73,48,8,2,10,2,0,0,75,50,8,0,10,2,0,0
Jsoup/commit/7,src_main_java_org_jsoup_nodes_Document.json,176,31,193,17,0,0,33,2,0,0,193,17,0,0,33,2,0,0,193,17,0,0,33,2,0,0
JxPath/commit/19,src_java_org_apache_commons_jxpath_ri_model_jdom_JDOMNodePointer.json,652,46,680,28,0,0,48,2,0,0,678,26,1,2,48,2,0,0,680,28,2,0,48,2,0,0
JxPath/commit/19,src_java_org_apache_commons_jxpath_ri_model_dom_DOMNodePointer.json,632,50,650,18,0,0,52,2,0,0,646,14,4,4,52,2,0,0,649,17,3,1,52,2,0,0
Math/commit/32,src_main_java_org_apache_commons_math3_geometry_euclidean_twod_PolygonsSet.json,241,24,289,48,0,0,26,2,0,0,287,46,0,2,26,2,0,0,289,48,0,0,26,2,0,0
Math/commit/31,src_main_java_org_apache_commons_math3_util_ContinuedFraction.json,36,7,75,39,11,12,9,2,0,0,87,51,23,0,9,2,0,0,81,45,3,6,9,2,0,0
Math/commit/30,src_main_java_org_apache_commons_math3_stat_inference_MannWhitneyUTest.json,66,7,84,18,0,0,9,2,0,0,84,18,0,0,9,2,0,0,84,18,0,0,9,2,0,0
Gson/commit/10,gson_src_main_java_com_google_gson_internal_bind_ReflectiveTypeAdapterFactory.json,220,25,257,37,0,0,28,3,0,0,254,34,0,3,28,3,0,0,257,37,0,0,28,3,0,0
JxPath/commit/10,src_java_org_apache_commons_jxpath_ri_compiler_CoreOperationRelationalExpression.json,95,8,107,12,0,0,10,2,0,0,107,12,0,0,10,2,0,0,107,12,0,0,10,2,0,0
Math/commit/29,src_main_java_org_apache_commons_math3_linear_OpenMapRealVector.json,622,66,650,28,0,0,69,3,0,0,642,20,2,8,68,2,0,1,647,25,2,3,69,3,0,0
Math/commit/28,src_main_java_org_apache_commons_math3_optimization_linear_SimplexSolver.json,79,10,134,55,0,0,12,2,0,0,134,55,0,0,12,2,0,0,134,55,0,0,12,2,0,0
Math/commit/27,src_main_java_org_apache_commons_math3_fraction_Fraction.json,337,47,343,6,0,3,49,2,0,0,337,0,0,9,48,1,0,1,344,7,0,2,49,2,0,0
Math/commit/26,src_main_java_org_apache_commons_math3_fraction_Fraction.json,284,47,347,63,0,0,49,2,0,0,345,61,0,2,49,2,0,0,344,60,0,3,49,2,0,0
Math/commit/25,src_main_java_org_apache_commons_math3_optimization_fitting_HarmonicFitter.json,74,11,137,63,0,0,14,3,0,0,135,61,0,2,14,3,0,0,137,63,0,0,14,3,0,0
Math/commit/24,src_main_java_org_apache_commons_math3_optimization_univariate_BrentOptimizer.json,39,7,174,135,0,4,9,2,0,0,176,137,0,2,9,2,0,0,174,135,0,4,9,2,0,0
Math/commit/56,src_main_java_org_apache_commons_math_util_MultidimensionalCounter.json,119,22,143,24,0,1,24,2,0,0,144,25,1,0,24,2,0,0,144,25,0,0,24,2,0,0
JxPath/commit/18,src_java_org_apache_commons_jxpath_ri_axes_AttributeContext.json,33,8,57,24,0,1,10,2,0,0,55,22,5,3,10,2,0,0,56,23,4,2,10,2,0,0
Math/commit/55,src_main_java_org_apache_commons_math_geometry_Vector3D.json,286,49,314,28,0,0,51,2,0,0,289,3,1,25,50,1,0,1,291,5,1,23,50,1,0,1
JxPath/commit/16,src_java_org_apache_commons_jxpath_ri_model_jdom_JDOMNodePointer.json,655,48,703,48,0,1,50,2,0,0,702,47,0,2,50,2,0,0,703,48,0,1,50,2,0,0
JxPath/commit/16,src_java_org_apache_commons_jxpath_ri_model_dom_DOMNodePointer.json,638,52,688,50,0,1,54,2,0,0,687,49,0,2,54,2,0,0,688,50,0,1,54,2,0,0
JxPath/commit/14,src_java_org_apache_commons_jxpath_ri_compiler_CoreFunction.json,681,42,707,26,0,0,46,4,0,0,705,24,0,2,46,4,0,0,707,26,0,0,46,4,0,0
JxPath/commit/15,src_java_org_apache_commons_jxpath_ri_axes_UnionContext.json,12,4,37,25,0,0,6,2,0,0,36,24,1,1,6,2,0,0,36,24,1,1,6,2,0,0
JxPath/commit/12,src_java_org_apache_commons_jxpath_ri_model_dom_DOMNodePointer.json,610,50,662,52,0,0,52,2,0,0,660,50,0,2,52,2,0,0,662,52,0,0,52,2,0,0
JxPath/commit/11,src_java_org_apache_commons_jxpath_ri_model_jdom_JDOMAttributeIterator.json,30,6,75,45,0,0,8,2,0,0,73,43,3,2,8,2,0,0,73,43,3,2,8,2,0,0
JxPath/commit/11,src_java_org_apache_commons_jxpath_ri_model_dom_DOMAttributeIterator.json,93,10,122,29,0,0,12,2,0,0,122,29,0,0,12,2,0,0,122,29,0,0,12,2,0,0
Compress/commit/21,src_main_java_org_apache_commons_compress_archivers_sevenz_SevenZOutputFile.json,603,46,627,24,3,4,48,2,0,0,629,26,0,2,48,2,0,0,628,25,1,3,48,2,0,0
Compress/commit/20,src_main_java_org_apache_commons_compress_archivers_cpio_CpioArchiveInputStream.json,277,28,372,95,0,0,32,4,0,0,370,93,0,2,32,4,0,0,366,89,0,6,32,4,0,0
Math/commit/63,src_main_java_org_apache_commons_math_util_MathUtils.json,1143,80,1153,10,0,1,82,2,0,0,1151,8,2,3,82,2,0,0,1154,11,0,0,82,2,0,0
Math/commit/61,src_main_java_org_apache_commons_math_distribution_PoissonDistributionImpl.json,79,17,93,14,0,3,19,2,0,0,96,17,2,0,19,2,0,0,95,16,0,1,19,2,0,0
Math/commit/60,src_main_java_org_apache_commons_math_distribution_NormalDistributionImpl.json,110,18,120,10,0,0,20,2,0,0,119,9,1,1,20,2,0,0,119,9,1,1,20,2,0,0
JxPath/commit/21,src_java_org_apache_commons_jxpath_ri_model_beans_PropertyPointer.json,171,27,181,10,0,0,29,2,0,0,181,10,0,0,29,2,0,0,181,10,0,0,29,2,0,0
JxPath/commit/20,src_java_org_apache_commons_jxpath_ri_compiler_CoreOperationRelationalExpression.json,70,8,105,35,0,0,10,2,0,0,105,35,0,0,10,2,0,0,105,35,0,0,10,2,0,0
Codec/commit/10,src_java_org_apache_commons_codec_language_Caverphone.json,27,4,98,71,0,0,6,2,0,0,98,71,0,0,6,2,0,0,98,71,0,0,6,2,0,0
Math/commit/59,src_main_java_org_apache_commons_math_util_FastMath.json,2205,90,2244,39,0,0,92,2,0,0,2242,37,0,2,92,2,0,0,2244,39,0,0,92,2,0,0
Math/commit/58,src_main_java_org_apache_commons_math_optimization_fitting_GaussianFitter.json,184,17,192,8,0,0,19,2,0,0,190,6,0,2,19,2,0,0,192,8,0,0,19,2,0,0
Math/commit/57,src_main_java_org_apache_commons_math_stat_clustering_KMeansPlusPlusClusterer.json,155,10,191,36,0,0,12,2,0,0,189,34,0,2,12,2,0,0,191,36,0,0,12,2,0,0
Chart/commit/21,source_org_jfree_data_statistics_DefaultBoxAndWhiskerCategoryDataset.json,340,44,391,51,0,0,47,3,0,0,384,44,1,7,46,2,0,1,387,47,0,4,46,2,0,1
Chart/commit/20,source_org_jfree_chart_plot_ValueMarker.json,44,6,59,15,0,0,8,2,0,0,59,15,0,0,8,2,0,0,59,15,0,0,8,2,0,0
Chart/commit/18,source_org_jfree_data_DefaultKeyedValues2D.json,270,27,283,13,0,0,29,2,0,0,281,11,0,2,29,2,0,0,283,13,0,0,29,2,0,0
Chart/commit/18,source_org_jfree_data_DefaultKeyedValues.json,224,24,243,19,0,0,27,3,0,0,241,17,0,2,27,3,0,0,243,19,0,0,27,3,0,0
Chart/commit/17,source_org_jfree_data_time_TimeSeries.json,543,52,553,10,0,0,54,2,0,0,546,3,0,7,53,1,0,1,553,10,0,0,54,2,0,0
Chart/commit/16,source_org_jfree_data_category_DefaultIntervalCategoryDataset.json,343,34,409,66,0,0,37,3,0,0,407,64,1,2,37,3,0,0,409,66,0,0,37,3,0,0
Chart/commit/15,source_org_jfree_chart_plot_PiePlot.json,1443,170,1473,30,0,0,173,3,0,0,1471,28,0,2,173,3,0,0,1473,30,0,0,173,3,0,0
Csv/commit/8,src_main_java_org_apache_commons_csv_CSVFormat.json,350,55,407,57,1,7,58,3,0,0,411,61,5,3,58,3,0,0,413,63,1,1,58,3,0,0
Csv/commit/9,src_main_java_org_apache_commons_csv_CSVRecord.json,96,21,111,15,0,0,23,2,0,0,111,15,0,0,23,2,0,0,111,15,0,0,23,2,0,0
Math/commit/10,src_main_java_org_apache_commons_math3_analysis_differentiation_DSCompiler.json,1016,54,1050,34,0,0,56,2,0,0,1048,32,0,2,56,2,0,0,1050,34,0,0,56,2,0,0
Chart/commit/10,source_org_jfree_chart_imagemap_StandardToolTipTagFragmentGenerator.json,4,1,13,9,0,0,3,2,0,0,13,9,0,0,3,2,0,0,12,8,0,1,3,2,0,0
Math/commit/34,src_main_java_org_apache_commons_math3_genetics_ListPopulation.json,102,14,110,8,0,0,16,2,0,0,110,8,1,0,16,2,0,0,110,8,0,0,16,2,0,0
Math/commit/33,src_main_java_org_apache_commons_math3_optimization_linear_SimplexTableau.json,328,44,365,37,0,0,46,2,0,0,364,36,0,1,46,2,0,0,365,37,0,0,46,2,0,0
Csv/commit/4,src_main_java_org_apache_commons_csv_CSVParser.json,206,24,215,9,0,0,26,2,0,0,212,6,0,3,26,2,0,0,215,9,0,0,26,2,0,0
Csv/commit/5,src_main_java_org_apache_commons_csv_CSVPrinter.json,276,17,287,11,0,0,19,2,0,0,284,8,0,3,19,2,0,0,287,11,0,0,19,2,0,0
Gson/commit/11,gson_src_main_java_com_google_gson_internal_bind_TypeAdapters.json,1042,139,1061,19,0,0,142,3,0,0,1058,16,0,3,142,3,0,0,1061,19,0,0,142,3,0,0
Csv/commit/6,src_main_java_org_apache_commons_csv_CSVRecord.json,96,21,109,13,0,0,23,2,0,0,109,13,0,0,23,2,0,0,109,13,0,0,23,2,0,0
Csv/commit/7,src_main_java_org_apache_commons_csv_CSVParser.json,192,25,223,31,0,0,27,2,0,0,220,28,0,3,27,2,0,0,223,31,0,0,27,2,0,0
Csv/commit/1,src_main_java_org_apache_commons_csv_ExtendedBufferedReader.json,67,10,81,14,0,0,12,2,0,0,81,14,0,0,12,2,0,0,81,14,0,0,12,2,0,0
Csv/commit/2,src_main_java_org_apache_commons_csv_CSVRecord.json,63,17,75,12,0,0,19,2,0,0,75,12,0,0,19,2,0,0,75,12,0,0,19,2,0,0
Csv/commit/3,src_main_java_org_apache_commons_csv_Lexer.json,83,22,111,28,0,0,24,2,0,0,111,28,0,0,24,2,0,0,111,28,0,0,24,2,0,0
Cli/commit/8,src_java_org_apache_commons_cli_HelpFormatter.json,416,52,442,26,0,0,54,2,0,0,440,24,0,2,54,2,0,0,441,25,0,1,54,2,0,0
JacksonCore/commit/9,src_main_java_com_fasterxml_jackson_core_json_ReaderBasedJsonParser.json,1945,69,1978,33,0,0,72,3,0,0,1976,31,0,2,72,3,0,0,1978,33,0,0,72,3,0,0
JacksonCore/commit/9,src_main_java_com_fasterxml_jackson_core_json_UTF8StreamJsonParser.json,3100,106,3131,31,0,0,109,3,0,0,3129,29,0,2,109,3,0,0,3131,31,0,0,109,3,0,0
JacksonCore/commit/9,src_main_java_com_fasterxml_jackson_core_base_ParserMinimalBase.json,547,70,574,27,0,0,73,3,0,0,571,24,0,3,73,3,0,0,574,27,0,0,73,3,0,0
Math/commit/43,src_main_java_org_apache_commons_math_stat_descriptive_SummaryStatistics.json,331,57,357,26,0,0,59,2,0,0,355,24,3,2,59,2,0,0,354,23,0,3,59,2,0,0
Cli/commit/9,src_java_org_apache_commons_cli_Parser.json,184,14,203,19,0,0,16,2,0,0,200,16,0,3,16,2,0,0,203,19,0,0,16,2,0,0
JacksonCore/commit/8,src_main_java_com_fasterxml_jackson_core_util_TextBuffer.json,464,46,482,18,0,0,48,2,0,0,479,15,0,3,48,2,0,0,482,18,0,0,48,2,0,0
Math/commit/42,src_main_java_org_apache_commons_math_optimization_linear_SimplexTableau.json,336,44,361,25,0,0,46,2,0,0,360,24,0,1,46,2,0,0,361,25,0,0,46,2,0,0
Chart/commit/14,source_org_jfree_chart_plot_CategoryPlot.json,2226,217,2269,43,0,0,220,3,0,0,2267,41,0,2,220,3,0,0,2269,43,0,0,220,3,0,0
Chart/commit/14,source_org_jfree_chart_plot_XYPlot.json,2779,252,2822,43,0,0,255,3,0,0,2820,41,0,2,255,3,0,0,2822,43,0,0,255,3,0,0
Math/commit/41,src_main_java_org_apache_commons_math_stat_descriptive_moment_Variance.json,206,24,243,37,0,0,26,2,0,0,241,35,0,2,26,2,0,0,243,37,0,0,26,2,0,0
Chart/commit/13,source_org_jfree_chart_block_BorderArrangement.json,284,15,342,58,0,0,17,2,0,0,340,56,0,2,17,2,0,0,342,58,0,0,17,2,0,0
Math/commit/40,src_main_java_org_apache_commons_math_analysis_solvers_BracketingNthOrderBrentSolver.json,91,14,220,129,0,6,16,2,0,0,222,131,2,4,16,2,0,0,216,125,2,10,16,2,0,0
Chart/commit/12,source_org_jfree_chart_plot_MultiplePiePlot.json,302,28,322,20,0,0,30,2,0,0,320,18,1,2,30,2,0,0,320,18,0,2,30,2,0,0
Chart/commit/11,source_org_jfree_chart_util_ShapeUtilities.json,337,21,378,41,0,0,23,2,0,0,376,39,0,2,23,2,0,0,378,41,0,0,23,2,0,0
Gson/commit/13,gson_src_main_java_com_google_gson_stream_JsonReader.json,1077,81,1178,101,0,0,83,2,0,0,1176,99,0,2,83,2,0,0,1178,101,0,0,83,2,0,0
JacksonCore/commit/3,src_main_java_com_fasterxml_jackson_core_json_UTF8StreamJsonParser.json,2700,93,2722,22,0,0,95,2,0,0,2720,20,0,2,95,2,0,0,2722,22,0,0,95,2,0,0
Gson/commit/12,gson_src_main_java_com_google_gson_internal_bind_JsonTreeReader.json,317,31,334,17,0,0,33,2,0,0,330,13,1,4,33,2,0,0,333,16,1,1,33,2,0,0
JacksonCore/commit/2,src_main_java_com_fasterxml_jackson_core_json_ReaderBasedJsonParser.json,1408,57,1626,218,0,0,61,4,0,0,1623,215,0,3,61,4,0,0,1626,218,0,0,61,4,0,0
JacksonCore/commit/2,src_main_java_com_fasterxml_jackson_core_json_UTF8StreamJsonParser.json,2402,87,2665,263,0,0,93,6,0,0,2662,260,0,3,93,6,0,0,2665,263,0,0,93,6,0,0
Gson/commit/15,gson_src_main_java_com_google_gson_stream_JsonWriter.json,372,43,408,36,0,0,45,2,0,0,406,34,0,2,45,2,0,0,408,36,0,0,45,2,0,0
JacksonCore/commit/1,src_main_java_com_fasterxml_jackson_core_util_TextBuffer.json,433,44,453,20,0,0,46,2,0,0,450,17,0,3,46,2,0,0,453,20,0,0,46,2,0,0
JacksonCore/commit/1,src_main_java_com_fasterxml_jackson_core_io_NumberInput.json,269,15,290,21,0,0,18,3,0,0,285,16,2,5,18,3,0,0,288,19,2,2,18,3,0,0
Gson/commit/14,gson_src_main_java_com_google_gson_internal_$Gson$Types.json,489,50,510,21,0,0,53,3,0,0,507,18,0,3,53,3,0,0,510,21,0,0,53,3,0,0
Math/commit/39,src_main_java_org_apache_commons_math_ode_nonstiff_EmbeddedRungeKuttaIntegrator.json,91,19,190,99,0,0,21,2,0,0,187,96,0,3,21,2,0,0,190,99,0,0,21,2,0,0
JacksonCore/commit/7,src_main_java_com_fasterxml_jackson_core_json_JsonWriteContext.json,155,28,173,18,0,0,30,2,0,0,173,18,0,0,30,2,0,0,173,18,0,0,30,2,0,0
Math/commit/38,src_main_java_org_apache_commons_math_optimization_direct_BOBYQAOptimizer.json,1493,54,1639,146,0,0,56,2,0,0,1634,141,0,5,56,2,0,0,1635,142,0,4,56,2,0,0
Gson/commit/17,gson_src_main_java_com_google_gson_DefaultDateTypeAdapter.json,83,13,104,21,1,4,15,2,0,0,108,25,1,0,15,2,0,0,108,25,0,0,15,2,0,0
Gson/commit/16,gson_src_main_java_com_google_gson_internal_$Gson$Types.json,457,52,528,71,0,0,54,2,0,0,525,68,0,3,54,2,0,0,528,71,0,0,54,2,0,0
JacksonCore/commit/6,src_main_java_com_fasterxml_jackson_core_JsonPointer.json,171,23,200,29,0,0,25,2,0,0,199,28,0,1,25,2,0,0,198,27,0,2,25,2,0,0
Jsoup/commit/9,src_main_java_org_jsoup_nodes_Entities.json,66,13,87,21,0,0,15,2,0,0,84,18,2,3,14,1,0,1,87,21,0,0,15,2,0,0
Math/commit/37,src_main_java_org_apache_commons_math_complex_Complex.json,428,52,454,26,0,0,55,3,0,0,452,24,0,2,55,3,0,0,450,22,0,4,55,3,0,0
JacksonCore/commit/5,src_main_java_com_fasterxml_jackson_core_JsonPointer.json,171,23,198,27,0,0,25,2,0,0,198,27,0,0,25,2,0,0,197,26,0,1,25,2,0,0
Math/commit/36,src_main_java_org_apache_commons_math_fraction_BigFraction.json,489,70,505,16,0,0,73,3,0,0,503,14,0,2,73,3,0,0,505,16,0,0,73,3,0,0
Chart/commit/19,source_org_jfree_chart_plot_CategoryPlot.json,2099,203,2121,22,0,0,206,3,0,0,2119,20,0,2,206,3,0,0,2121,22,0,0,206,3,0,0
Gson/commit/18,gson_src_main_java_com_google_gson_internal_$Gson$Types.json,521,52,533,12,0,0,54,2,0,0,530,9,0,3,54,2,0,0,533,12,0,0,54,2,0,0
Math/commit/35,src_main_java_org_apache_commons_math3_genetics_ElitisticListPopulation.json,26,4,45,19,0,0,7,3,0,0,45,19,2,0,7,3,0,0,43,17,0,2,7,3,0,0
JacksonDataBind/commit/21,src_main_java_com_fasterxml_jackson_databind_introspect_JacksonAnnotationIntrospector.json,861,77,878,17,0,0,79,2,0,0,876,15,0,2,79,2,0,0,878,17,0,0,79,2,0,0
Math/commit/99,src_java_org_apache_commons_math_util_MathUtils.json,625,52,680,55,0,0,55,3,0,0,677,52,0,3,55,3,0,0,680,55,0,0,55,3,0,0
Math/commit/90,src_java_org_apache_commons_math_stat_Frequency.json,233,31,255,22,0,0,33,2,0,0,249,16,4,6,32,1,1,1,251,18,4,4,32,1,1,1
Lang/commit/6,src_main_java_org_apache_commons_lang3_text_translate_CharSequenceTranslator.json,41,4,73,32,0,0,6,2,0,0,73,32,0,0,6,2,0,0,73,32,0,0,6,2,0,0
Lang/commit/4,src_main_java_org_apache_commons_lang3_text_translate_LookupTranslator.json,0,2,49,49,0,0,6,4,0,0,49,49,0,0,6,4,0,0,48,48,0,1,6,4,0,0
JacksonDatabind/commit/20,src_main_java_com_fasterxml_jackson_databind_node_ObjectNode.json,535,61,550,15,0,0,63,2,0,0,548,13,0,2,63,2,0,0,550,15,0,0,63,2,0,0
JacksonDatabind/commit/16,src_main_java_com_fasterxml_jackson_databind_introspect_AnnotationMap.json,80,10,97,17,0,0,12,2,0,0,97,17,0,0,12,2,0,0,97,17,0,0,12,2,0,0
JxPath/commit/22,src_java_org_apache_commons_jxpath_ri_model_dom_DOMNodePointer.json,627,51,656,29,0,1,53,2,0,0,653,26,1,4,53,2,0,0,655,28,0,2,53,2,0,0
JacksonDatabind/commit/17,src_main_java_com_fasterxml_jackson_databind_ObjectMapper.json,2024,232,2050,26,0,0,235,3,0,0,2048,24,0,2,235,3,0,0,2050,26,0,0,235,3,0,0
JacksonDatabind/commit/11,src_main_java_com_fasterxml_jackson_databind_type_TypeFactory.json,711,67,732,21,0,0,69,2,0,0,729,18,1,3,69,2,0,0,731,20,0,1,69,2,0,0
JacksonDatabind/commit/12,src_main_java_com_fasterxml_jackson_databind_deser_std_MapDeserializer.json,515,46,524,9,0,0,48,2,0,0,522,7,0,2,48,2,0,0,524,9,0,0,48,2,0,0
JacksonDatabind/commit/13,src_main_java_com_fasterxml_jackson_databind_deser_DefaultDeserializationContext.json,204,23,243,39,0,0,25,2,0,0,240,36,0,3,25,2,0,0,243,39,0,0,25,2,0,0
JacksonDatabind/commit/13,src_main_java_com_fasterxml_jackson_databind_deser_impl_ObjectIdValueProperty.json,89,13,109,20,0,0,15,2,0,0,109,20,0,0,15,2,0,0,109,20,0,0,15,2,0,0
JacksonDatabind/commit/14,src_main_java_com_fasterxml_jackson_databind_ObjectReader.json,1171,122,1195,24,0,0,124,2,0,0,1193,22,0,2,124,2,0,0,1195,24,0,0,124,2,0,0
Mockito/commit/8,src_org_mockito_internal_util_reflection_GenericMetadataSupport.json,410,68,433,23,0,0,70,2,0,0,430,20,0,3,70,2,0,0,433,23,0,0,70,2,0,0
Mockito/commit/9,src_org_mockito_internal_stubbing_answers_CallsRealMethods.json,0,1,9,9,0,0,3,2,0,0,9,9,0,0,3,2,0,0,9,9,0,0,3,2,0,0
Mockito/commit/6,src_org_mockito_Matchers.json,237,34,374,137,0,0,55,21,0,0,320,83,13,54,47,13,0,8,370,133,7,4,55,21,0,0
Mockito/commit/7,src_org_mockito_internal_util_reflection_GenericMetadataSupport.json,420,67,434,14,0,0,70,3,0,0,431,11,0,3,70,3,0,0,434,14,0,0,70,3,0,0
Mockito/commit/4,src_org_mockito_exceptions_Reporter.json,481,71,506,25,0,0,75,4,0,0,504,23,0,2,75,4,0,0,506,25,0,0,75,4,0,0
Mockito/commit/5,src_org_mockito_internal_verification_VerificationOverTimeImpl.json,62,13,88,26,0,0,15,2,0,0,88,26,0,0,15,2,0,0,88,26,0,0,15,2,0,0
Mockito/commit/2,src_org_mockito_internal_util_Timer.json,11,4,18,7,0,0,6,2,0,0,18,7,0,0,6,2,0,0,18,7,0,0,6,2,0,0
JacksonDatabind/commit/19,src_main_java_com_fasterxml_jackson_databind_type_TypeFactory.json,758,68,775,17,0,0,70,2,0,0,772,14,0,3,70,2,0,0,775,17,0,0,70,2,0,0
Mockito/commit/1,src_org_mockito_internal_invocation_InvocationMatcher.json,120,17,138,18,0,0,19,2,0,0,138,18,1,0,19,2,0,0,137,17,0,1,19,2,0,0
JacksonDatabind/commit/110,src_main_java_com_fasterxml_jackson_databind_deser_impl_JavaUtilCollectionsDeserializers.json,93,24,134,41,0,0,26,2,0,0,134,41,0,0,26,2,0,0,134,41,0,0,26,2,0,0
JacksonDatabind/commit/111,src_main_java_com_fasterxml_jackson_databind_deser_std_AtomicReferenceDeserializer.json,53,8,63,10,0,0,10,2,0,0,63,10,0,0,10,2,0,0,63,10,0,0,10,2,0,0
JacksonDatabind/commit/111,src_main_java_com_fasterxml_jackson_databind_deser_impl_MethodProperty.json,174,18,188,14,0,0,20,2,0,0,187,13,1,1,20,2,0,0,187,13,1,1,20,2,0,0
JacksonDatabind/commit/111,src_main_java_com_fasterxml_jackson_databind_deser_impl_SetterlessProperty.json,122,15,136,14,0,0,17,2,0,0,135,13,1,1,17,2,0,0,135,13,1,1,17,2,0,0
JacksonDatabind/commit/111,src_main_java_com_fasterxml_jackson_databind_deser_impl_ObjectIdReferenceProperty.json,141,20,154,13,0,0,22,2,0,0,153,12,1,1,22,2,0,0,153,12,1,1,22,2,0,0
JacksonDatabind/commit/111,src_main_java_com_fasterxml_jackson_databind_deser_CreatorProperty.json,199,28,212,13,0,0,30,2,0,0,211,12,1,1,30,2,0,0,211,12,1,1,30,2,0,0
JacksonDatabind/commit/111,src_main_java_com_fasterxml_jackson_databind_deser_impl_FieldProperty.json,174,18,188,14,0,0,20,2,0,0,187,13,1,1,20,2,0,0,187,13,1,1,20,2,0,0
JacksonDatabind/commit/111,src_main_java_com_fasterxml_jackson_databind_deser_impl_ObjectIdValueProperty.json,102,13,116,14,0,0,15,2,0,0,115,13,1,1,15,2,0,0,115,13,1,1,15,2,0,0
JacksonDatabind/commit/112,src_main_java_com_fasterxml_jackson_databind_deser_std_StringCollectionDeserializer.json,174,15,211,37,0,0,17,2,0,0,204,30,5,7,17,2,0,0,207,33,5,4,17,2,0,0
JacksonDatabind/commit/40,src_main_java_com_fasterxml_jackson_databind_deser_std_NumberDeserializers.json,515,74,526,11,0,0,76,2,0,0,524,9,0,2,76,2,0,0,526,11,0,0,76,2,0,0
JacksonDatabind/commit/42,src_main_java_com_fasterxml_jackson_databind_deser_std_FromStringDeserializer.json,205,23,222,17,0,0,26,3,0,0,219,14,0,3,26,3,0,0,222,17,0,0,26,3,0,0
JacksonDatabind/commit/43,src_main_java_com_fasterxml_jackson_databind_deser_impl_ObjectIdValueProperty.json,81,12,104,23,0,0,14,2,0,0,103,22,0,1,14,2,0,0,104,23,0,0,14,2,0,0
JacksonDatabind/commit/37,src_main_java_com_fasterxml_jackson_databind_type_SimpleType.json,198,21,210,12,0,0,23,2,0,0,210,12,0,0,23,2,0,0,210,12,0,0,23,2,0,0
Closure/commit/88,src_com_google_javascript_jscomp_DeadAssignmentsElimination.json,197,13,220,23,0,0,15,2,0,0,219,22,0,1,15,2,0,0,219,22,0,1,15,2,0,0
JacksonDatabind/commit/38,src_main_java_com_fasterxml_jackson_databind_type_MapType.json,127,16,140,13,0,0,18,2,0,0,140,13,0,0,18,2,0,0,140,13,0,0,18,2,0,0
JacksonDatabind/commit/38,src_main_java_com_fasterxml_jackson_databind_type_SimpleType.json,184,20,213,29,0,0,23,3,0,0,212,28,8,1,23,3,0,0,212,28,0,1,23,3,0,0
JacksonDatabind/commit/38,src_main_java_com_fasterxml_jackson_databind_type_CollectionType.json,100,13,112,12,0,0,15,2,0,0,112,12,0,0,15,2,0,0,112,12,0,0,15,2,0,0
JacksonDatabind/commit/39,src_main_java_com_fasterxml_jackson_databind_deser_std_NullifyingDeserializer.json,20,4,32,12,0,0,6,2,0,0,31,11,1,1,6,2,0,0,31,11,1,1,6,2,0,0
JacksonDatabind/commit/33,src_main_java_com_fasterxml_jackson_databind_introspect_JacksonAnnotationIntrospector.json,911,78,935,24,0,0,80,2,0,0,933,22,0,2,80,2,0,0,935,24,0,0,80,2,0,0
JacksonDatabind/commit/34,src_main_java_com_fasterxml_jackson_databind_ser_std_NumberSerializer.json,46,5,69,23,0,0,7,2,0,0,69,23,0,0,7,2,0,0,69,23,0,0,7,2,0,0
JacksonDatabind/commit/36,src_main_java_com_fasterxml_jackson_databind_util_StdDateFormat.json,345,41,389,44,0,0,44,3,0,0,387,42,0,2,44,3,0,0,389,44,0,0,44,3,0,0
Jsoup/commit/68,src_main_java_org_jsoup_parser_HtmlTreeBuilder.json,682,98,703,21,0,0,100,2,0,0,701,19,0,2,100,2,0,0,703,21,0,0,100,2,0,0
Jsoup/commit/67,src_main_java_org_jsoup_parser_HtmlTreeBuilder.json,682,97,704,22,0,0,99,2,0,0,702,20,0,2,99,2,0,0,704,22,0,0,99,2,0,0
Jsoup/commit/66,src_main_java_org_jsoup_nodes_Element.json,924,112,958,34,0,0,118,6,0,0,946,22,1,12,115,3,0,3,953,29,0,5,117,5,0,1
Jsoup/commit/69,src_main_java_org_jsoup_nodes_FormElement.json,64,6,66,2,0,0,7,1,0,0,66,2,0,0,7,1,0,0,66,2,0,0,7,1,0,0
Jsoup/commit/71,src_main_java_org_jsoup_select_QueryParser.json,266,27,327,61,0,0,29,2,0,0,325,59,0,2,29,2,0,0,327,61,0,0,29,2,0,0
Jsoup/commit/71,src_main_java_org_jsoup_select_Evaluator.json,836,153,839,3,0,0,154,1,0,0,836,0,0,3,154,1,0,0,839,3,0,0,154,1,0,0
Closure/commit/90,src_com_google_javascript_rhino_jstype_FunctionType.json,630,63,661,31,0,0,65,2,0,0,659,29,0,2,65,2,0,0,661,31,0,0,65,2,0,0
Closure/commit/90,src_com_google_javascript_jscomp_FunctionTypeBuilder.json,412,52,428,16,0,0,55,3,0,0,426,14,0,2,55,3,0,0,428,16,0,0,55,3,0,0
Jsoup/commit/74,src_main_java_org_jsoup_helper_StringUtil.json,172,18,200,28,0,0,20,2,0,0,197,25,0,3,20,2,0,0,200,28,0,0,20,2,0,0
JacksonDatabind/commit/30,src_main_java_com_fasterxml_jackson_databind_ObjectMapper.json,2165,255,2224,59,0,0,258,3,0,0,2222,57,0,2,258,3,0,0,2224,59,0,0,258,3,0,0
JacksonDatabind/commit/30,src_main_java_com_fasterxml_jackson_databind_util_TokenBuffer.json,1498,161,1592,94,0,0,165,4,0,0,1590,92,0,2,165,4,0,0,1592,94,0,0,165,4,0,0
JacksonDatabind/commit/31,src_main_java_com_fasterxml_jackson_databind_util_TokenBuffer.json,1405,148,1622,217,0,0,167,19,0,0,1600,195,20,22,165,17,2,2,1602,197,20,20,165,17,2,2
Jsoup/commit/72,src_main_java_org_jsoup_parser_CharacterReader.json,378,50,411,33,0,0,52,2,0,0,408,30,0,3,52,2,0,0,411,33,0,0,52,2,0,0
Jsoup/commit/76,src_main_java_org_jsoup_parser_HtmlTreeBuilderState.json,3,18,1610,1607,0,0,61,43,0,0,1605,1602,0,5,61,43,0,0,1610,1607,0,0,61,43,0,0
JacksonDatabind/commit/26,src_main_java_com_fasterxml_jackson_databind_ser_BeanPropertyWriter.json,588,72,591,3,0,0,73,1,0,0,589,1,0,2,73,1,0,0,591,3,0,0,73,1,0,0
JacksonDatabind/commit/27,src_main_java_com_fasterxml_jackson_databind_deser_BeanDeserializer.json,631,25,702,71,0,0,27,2,0,0,700,69,0,2,27,2,0,0,702,71,0,0,27,2,0,0
Closure/commit/99,src_com_google_javascript_jscomp_CheckGlobalThis.json,49,8,91,42,0,0,10,2,0,0,88,39,4,3,10,2,0,0,83,34,3,8,10,2,0,0
JacksonDatabind/commit/29,src_main_java_com_fasterxml_jackson_databind_deser_impl_ExternalTypeHandler.json,226,26,271,45,0,0,29,3,0,0,269,43,0,2,29,3,0,0,271,45,0,0,29,3,0,0
JacksonDatabind/commit/23,src_main_java_com_fasterxml_jackson_databind_ser_std_NumberSerializers.json,186,28,223,37,0,0,36,8,0,0,223,37,0,0,36,8,0,0,223,37,0,0,36,8,0,0
JacksonDatabind/commit/24,src_main_java_com_fasterxml_jackson_databind_cfg_BaseSettings.json,196,37,209,13,0,0,39,2,0,0,208,12,1,1,39,2,0,0,208,12,1,1,39,2,0,0
Closure/commit/91,src_com_google_javascript_jscomp_CheckGlobalThis.json,49,8,88,39,0,0,10,2,0,0,88,39,0,0,10,2,0,0,88,39,0,0,10,2,0,0
Jsoup/commit/79,src_main_java_org_jsoup_nodes_LeafNode.json,101,14,108,7,0,0,16,2,0,0,108,7,1,0,16,2,0,0,108,7,0,0,16,2,0,0
Jsoup/commit/78,src_main_java_org_jsoup_helper_DataUtil.json,160,23,225,65,0,0,25,2,0,0,222,62,0,3,25,2,0,0,225,65,0,0,25,2,0,0
Closure/commit/89,src_com_google_javascript_jscomp_GlobalNamespace.json,695,83,719,24,0,0,86,3,0,0,718,23,0,1,86,3,0,0,719,24,0,0,86,3,0,0
Closure/commit/89,src_com_google_javascript_jscomp_CollapseProperties.json,434,30,465,31,0,0,32,2,0,0,464,30,0,1,32,2,0,0,465,31,0,0,32,2,0,0
Jsoup/commit/77,src_main_java_org_jsoup_parser_XmlTreeBuilder.json,114,11,139,25,0,0,13,2,0,0,139,25,0,0,13,2,0,0,139,25,0,0,13,2,0,0
Closure/commit/98,src_com_google_javascript_jscomp_ReferenceCollectingCallback.json,350,59,370,20,0,0,64,5,0,0,369,19,0,1,64,5,0,0,370,20,0,0,64,5,0,0
Closure/commit/96,src_com_google_javascript_jscomp_TypeCheck.json,1008,82,1035,27,1,1,84,2,0,0,1034,26,0,2,84,2,0,0,1036,28,0,0,84,2,0,0
Closure/commit/97,src_com_google_javascript_jscomp_PeepholeFoldConstants.json,829,26,879,50,0,0,28,2,0,0,876,47,1,3,28,2,0,0,878,49,1,1,28,2,0,0
Closure/commit/94,src_com_google_javascript_jscomp_NodeUtil.json,1716,141,1744,28,0,0,143,2,0,0,1741,25,0,3,143,2,0,0,1744,28,0,0,143,2,0,0
Jsoup/commit/82,src_main_java_org_jsoup_helper_DataUtil.json,137,21,217,80,0,0,23,2,0,0,214,77,0,3,23,2,0,0,217,80,0,0,23,2,0,0
Closure/commit/95,src_com_google_javascript_jscomp_TypedScopeCreator.json,937,81,986,49,0,0,84,3,0,0,981,44,0,5,84,3,0,0,986,49,0,0,84,3,0,0
Jsoup/commit/81,src_main_java_org_jsoup_helper_DataUtil.json,160,23,234,74,0,0,25,2,0,0,231,71,0,3,25,2,0,0,234,74,0,0,25,2,0,0
Closure/commit/92,src_com_google_javascript_jscomp_ProcessClosurePrimitives.json,547,60,599,52,0,0,63,3,0,0,598,51,0,1,63,3,0,0,599,52,0,0,63,3,0,0
Jsoup/commit/80,src_main_java_org_jsoup_parser_XmlTreeBuilder.json,120,11,138,18,0,0,13,2,0,0,138,18,0,0,13,2,0,0,138,18,0,0,13,2,0,0
JacksonDatabind/commit/62,src_main_java_com_fasterxml_jackson_databind_deser_std_CollectionDeserializer.json,253,32,288,35,0,0,34,2,0,0,286,33,0,2,34,2,0,0,288,35,0,0,34,2,0,0
Math/commit/89,src_java_org_apache_commons_math_stat_Frequency.json,252,32,261,9,0,0,34,2,0,0,258,6,1,3,34,2,0,0,260,8,1,1,34,2,0,0
JacksonDatabind/commit/63,src_main_java_com_fasterxml_jackson_databind_JsonMappingException.json,344,52,377,33,2,0,55,3,0,0,375,31,11,2,55,3,0,0,377,33,2,0,55,3,0,0
JacksonDatabind/commit/65,src_main_java_com_fasterxml_jackson_databind_introspect_BasicBeanDescription.json,464,47,509,45,0,0,50,3,0,0,506,42,1,3,50,3,0,0,508,44,1,1,50,3,0,0
JacksonDatabind/commit/65,src_main_java_com_fasterxml_jackson_databind_deser_std_StdKeyDeserializer.json,340,60,367,27,0,0,62,2,0,0,365,25,0,2,62,2,0,0,367,27,0,0,62,2,0,0
JacksonDatabind/commit/60,src_main_java_com_fasterxml_jackson_databind_ser_std_JsonValueSerializer.json,185,15,231,46,0,0,17,2,0,0,228,43,1,3,17,2,0,0,229,44,1,2,17,2,0,0
JacksonDatabind/commit/61,src_main_java_com_fasterxml_jackson_databind_ObjectMapper.json,2195,260,2225,30,0,0,263,3,0,0,2223,28,0,2,263,3,0,0,2225,30,0,0,263,3,0,0
JacksonDatabind/commit/61,src_main_java_com_fasterxml_jackson_databind_jsontype_impl_StdTypeResolverBuilder.json,102,17,161,59,0,0,20,3,0,0,161,59,0,0,20,3,0,0,161,59,0,0,20,3,0,0
JacksonDatabind/commit/59,src_main_java_com_fasterxml_jackson_databind_type_TypeFactory.json,827,90,887,60,0,0,92,2,0,0,884,57,0,3,92,2,0,0,887,60,0,0,92,2,0,0
JacksonDatabind/commit/59,src_main_java_com_fasterxml_jackson_databind_type_MapLikeType.json,240,31,242,2,0,0,32,1,0,0,242,2,0,0,32,1,0,0,242,2,0,0,32,1,0,0
JacksonDatabind/commit/59,src_main_java_com_fasterxml_jackson_databind_JavaType.json,348,61,351,3,0,0,62,1,0,0,348,0,0,3,62,1,0,0,351,3,0,0,62,1,0,0
JacksonDatabind/commit/59,src_main_java_com_fasterxml_jackson_databind_type_CollectionLikeType.json,215,27,217,2,0,0,28,1,0,0,217,2,0,0,28,1,0,0,217,2,0,0,28,1,0,0
JacksonDatabind/commit/55,src_main_java_com_fasterxml_jackson_databind_ser_std_StdKeySerializers.json,136,23,156,20,4,1,25,2,0,0,157,21,1,0,25,2,0,0,153,17,1,4,25,2,0,0
JacksonDatabind/commit/56,src_main_java_com_fasterxml_jackson_databind_deser_std_FromStringDeserializer.json,153,23,229,76,0,0,26,3,0,0,222,69,4,7,26,3,0,0,223,70,0,6,26,3,0,0
Time/commit/7,src_main_java_org_joda_time_format_DateTimeFormatter.json,439,52,475,36,0,0,54,2,0,0,470,31,0,5,54,2,0,0,472,33,0,3,54,2,0,0
JacksonDatabind/commit/57,src_main_java_com_fasterxml_jackson_databind_ObjectReader.json,1244,133,1260,16,0,0,135,2,0,0,1258,14,0,2,135,2,0,0,1260,16,0,0,135,2,0,0
JacksonDatabind/commit/58,src_main_java_com_fasterxml_jackson_databind_deser_BeanDeserializerFactory.json,491,23,532,41,0,0,25,2,0,0,529,38,1,3,25,2,0,0,531,40,1,1,25,2,0,0
Lang/commit/3,src_main_java_org_apache_commons_lang3_math_NumberUtils.json,684,65,822,138,0,0,67,2,0,0,818,134,2,4,67,2,0,0,820,136,2,2,67,2,0,0
Lang/commit/1,src_main_java_org_apache_commons_lang3_math_NumberUtils.json,684,65,828,144,0,0,67,2,0,0,826,142,0,2,67,2,0,0,828,144,0,0,67,2,0,0
Math/commit/98,src_java_org_apache_commons_math_linear_BigMatrixImpl.json,911,70,933,22,0,0,72,2,0,0,931,20,0,2,72,2,0,0,933,22,0,0,72,2,0,0
Math/commit/98,src_java_org_apache_commons_math_linear_RealMatrixImpl.json,744,52,767,23,0,0,54,2,0,0,765,21,0,2,54,2,0,0,767,23,0,0,54,2,0,0
Math/commit/96,src_java_org_apache_commons_math_complex_Complex.json,265,36,294,29,1,0,38,2,0,0,291,26,0,3,38,2,0,0,289,24,0,5,38,2,0,0
Math/commit/95,src_java_org_apache_commons_math_distribution_FDistributionImpl.json,76,12,87,11,0,0,14,2,0,0,87,11,0,0,14,2,0,0,86,10,0,1,14,2,0,0
Math/commit/94,src_java_org_apache_commons_math_util_MathUtils.json,570,51,614,44,0,0,53,2,0,0,610,40,3,4,53,2,0,0,611,41,1,3,53,2,0,0
Math/commit/93,src_java_org_apache_commons_math_util_MathUtils.json,573,50,612,39,0,0,54,4,0,0,609,36,4,3,54,4,0,0,612,39,3,0,54,4,0,0
Math/commit/92,src_java_org_apache_commons_math_util_MathUtils.json,557,50,616,59,0,0,54,4,0,0,601,44,8,15,52,2,0,2,613,56,9,3,54,4,0,0
Math/commit/91,src_java_org_apache_commons_math_fraction_Fraction.json,282,29,290,8,0,4,31,2,0,0,292,10,2,2,31,2,0,0,290,8,0,4,31,2,0,0
Lang/commit/9,src_main_java_org_apache_commons_lang3_time_FastDateParser.json,565,95,601,36,0,0,97,2,0,0,599,34,0,2,97,2,0,0,601,36,0,0,97,2,0,0
Lang/commit/8,src_main_java_org_apache_commons_lang3_time_FastDatePrinter.json,795,122,823,28,0,0,126,4,0,0,820,25,0,3,126,4,0,0,822,27,0,1,126,4,0,0
JacksonDatabind/commit/51,src_main_java_com_fasterxml_jackson_databind_jsontype_impl_TypeDeserializerBase.json,147,22,179,32,0,0,24,2,0,0,178,31,1,1,24,2,0,0,178,31,1,1,24,2,0,0
JacksonDatabind/commit/52,src_main_java_com_fasterxml_jackson_databind_deser_impl_ExternalTypeHandler.json,284,29,295,11,0,0,32,3,0,0,293,9,0,2,32,3,0,0,295,11,0,0,32,3,0,0
JacksonDatabind/commit/52,src_main_java_com_fasterxml_jackson_databind_deser_BeanDeserializerBase.json,1007,83,1107,100,0,0,85,2,0,0,1104,97,0,3,85,2,0,0,1107,100,0,0,85,2,0,0
JacksonDatabind/commit/53,src_main_java_com_fasterxml_jackson_databind_type_TypeFactory.json,717,86,849,132,0,3,90,4,0,0,838,121,12,14,90,4,0,0,839,122,9,13,90,4,0,0
JacksonDatabind/commit/53,src_main_java_com_fasterxml_jackson_databind_type_TypeBindings.json,287,39,308,21,0,0,41,2,0,0,306,19,0,2,41,2,0,0,308,21,0,0,41,2,0,0
JacksonDatabind/commit/54,src_main_java_com_fasterxml_jackson_databind_ser_PropertyBuilder.json,106,13,187,81,0,0,15,2,0,0,187,81,0,0,15,2,0,0,187,81,0,0,15,2,0,0
JacksonDatabind/commit/50,src_main_java_com_fasterxml_jackson_databind_deser_BeanDeserializer.json,647,29,744,97,0,0,32,3,0,0,741,94,1,3,32,3,0,0,742,95,1,2,32,3,0,0
JacksonDatabind/commit/48,src_main_java_com_fasterxml_jackson_databind_DeserializationConfig.json,656,78,675,19,0,0,80,2,0,0,672,16,0,3,80,2,0,0,675,19,0,0,80,2,0,0
JacksonDatabind/commit/48,src_main_java_com_fasterxml_jackson_databind_SerializationConfig.json,679,81,698,19,0,0,83,2,0,0,695,16,0,3,83,2,0,0,698,19,0,0,83,2,0,0
JacksonDatabind/commit/49,src_main_java_com_fasterxml_jackson_databind_ser_impl_WritableObjectId.json,40,6,50,10,0,0,8,2,0,0,49,9,1,1,8,2,0,0,49,9,1,1,8,2,0,0
JacksonDatabind/commit/44,src_main_java_com_fasterxml_jackson_databind_type_SimpleType.json,214,22,227,13,0,0,24,2,0,0,225,11,2,2,24,2,0,0,225,11,2,2,24,2,0,0
JacksonDatabind/commit/46,src_main_java_com_fasterxml_jackson_databind_type_ReferenceType.json,153,20,166,13,0,0,22,2,0,0,166,13,0,0,22,2,0,0,166,13,0,0,22,2,0,0
JacksonDatabind/commit/47,src_main_java_com_fasterxml_jackson_databind_AnnotationIntrospector.json,583,87,658,75,0,0,89,2,0,0,654,71,1,4,89,2,0,0,657,74,1,1,89,2,0,0
Time/commit/5,src_main_java_org_joda_time_Period.json,707,87,734,27,0,2,89,2,0,0,725,18,22,11,89,2,0,0,728,21,11,8,89,2,0,0
Time/commit/6,src_main_java_org_joda_time_chrono_GJChronology.json,765,91,854,89,0,0,96,5,0,0,851,86,0,3,96,5,0,0,853,88,0,1,96,5,0,0
Time/commit/3,src_main_java_org_joda_time_MutableDateTime.json,661,106,727,66,0,0,117,11,0,0,716,55,9,11,117,11,0,0,718,57,9,9,117,11,0,0
Time/commit/4,src_main_java_org_joda_time_Partial.json,461,53,514,53,0,0,55,2,0,0,511,50,0,3,55,2,0,0,514,53,0,0,55,2,0,0
Time/commit/1,src_main_java_org_joda_time_Partial.json,452,53,518,66,0,0,55,2,0,0,515,63,0,3,55,2,0,0,518,66,0,0,55,2,0,0
Time/commit/1,src_main_java_org_joda_time_field_UnsupportedDurationField.json,166,27,175,9,0,0,29,2,0,0,175,9,0,0,29,2,0,0,175,9,0,0,29,2,0,0
Time/commit/2,src_main_java_org_joda_time_Partial.json,399,52,515,116,0,0,55,3,0,0,512,113,0,3,55,3,0,0,515,116,0,0,55,3,0,0
Time/commit/2,src_main_java_org_joda_time_field_UnsupportedDurationField.json,166,27,175,9,0,0,29,2,0,0,175,9,0,0,29,2,0,0,175,9,0,0,29,2,0,0
Time/commit/9,src_main_java_org_joda_time_DateTimeZone.json,693,66,740,47,0,0,69,3,0,0,737,44,0,3,69,3,0,0,730,37,0,10,69,3,0,0
Time/commit/8,src_main_java_org_joda_time_DateTimeZone.json,704,68,742,38,0,0,70,2,0,0,739,35,0,3,70,2,0,0,738,34,3,4,70,2,0,0
JacksonDatabind/commit/84,src_main_java_com_fasterxml_jackson_databind_type_ResolvedRecursiveType.json,125,18,127,2,0,0,19,1,0,0,127,2,0,0,19,1,0,0,127,2,0,0,19,1,0,0
Jsoup/commit/64,src_main_java_org_jsoup_parser_HtmlTreeBuilderState.json,4,18,1604,1600,0,0,61,43,0,0,1604,1600,0,0,61,43,0,0,1604,1600,0,0,61,43,0,0
JacksonDatabind/commit/86,src_main_java_com_fasterxml_jackson_databind_type_ResolvedRecursiveType.json,125,18,127,2,0,0,19,1,0,0,127,2,0,0,19,1,0,0,127,2,0,0,19,1,0,0
Jsoup/commit/62,src_main_java_org_jsoup_parser_HtmlTreeBuilderState.json,4,18,1606,1602,0,0,61,43,0,0,1606,1602,0,0,61,43,0,0,1606,1602,0,0,61,43,0,0
JacksonDatabind/commit/87,src_main_java_com_fasterxml_jackson_databind_util_StdDateFormat.json,293,43,420,127,0,0,47,4,0,0,418,125,2,2,46,3,0,1,414,121,1,6,47,4,0,0
Jsoup/commit/61,src_main_java_org_jsoup_nodes_Element.json,811,96,849,38,0,0,98,2,0,0,847,36,0,2,98,2,0,0,849,38,0,0,98,2,0,0
JacksonDatabind/commit/80,src_main_java_com_fasterxml_jackson_databind_jsontype_impl_StdSubtypeResolver.json,146,10,209,63,0,0,13,3,0,0,207,61,0,2,13,3,0,0,209,63,0,0,13,3,0,0
JacksonDatabind/commit/81,src_main_java_com_fasterxml_jackson_databind_introspect_JacksonAnnotationIntrospector.json,1089,94,1226,137,0,0,97,3,0,0,1224,135,0,2,97,3,0,0,1226,137,0,0,97,3,0,0
JacksonDatabind/commit/82,src_main_java_com_fasterxml_jackson_databind_deser_BeanDeserializerFactory.json,466,26,583,117,0,0,28,2,0,0,581,115,0,2,28,2,0,0,583,117,0,0,28,2,0,0
JacksonDatabind/commit/83,src_main_java_com_fasterxml_jackson_databind_deser_std_FromStringDeserializer.json,187,26,241,54,0,0,28,2,0,0,237,50,1,4,28,2,0,0,240,53,1,1,28,2,0,0
Jsoup/commit/65,src_main_java_org_jsoup_parser_HtmlTreeBuilderState.json,4,18,1605,1601,0,0,61,43,0,0,1605,1601,0,0,61,43,0,0,1605,1601,0,0,61,43,0,0
Jsoup/commit/65,src_main_java_org_jsoup_parser_HtmlTreeBuilder.json,693,96,703,10,0,0,99,3,0,0,693,0,0,10,97,1,0,2,695,2,0,8,97,1,0,2
Cli/commit/21,src_java_org_apache_commons_cli2_commandline_WriteableCommandLineImpl.json,209,29,230,21,0,0,32,3,0,0,226,17,2,4,32,3,0,0,228,19,2,2,32,3,0,0
Cli/commit/21,src_java_org_apache_commons_cli2_option_GroupImpl.json,339,31,348,9,0,0,33,2,0,0,345,6,1,3,33,2,0,0,347,8,1,1,33,2,0,0
Cli/commit/21,src_java_org_apache_commons_cli2_WriteableCommandLine.json,35,9,37,2,0,0,10,1,0,0,37,2,0,0,10,1,0,0,37,2,0,0,10,1,0,0
Math/commit/7,src_main_java_org_apache_commons_math3_ode_AbstractIntegrator.json,190,33,259,69,0,15,35,2,0,0,270,80,4,4,35,2,0,0,273,83,0,1,35,2,0,0
Math/commit/6,src_main_java_org_apache_commons_math3_optim_nonlinear_scalar_gradient_NonLinearConjugateGradientOptimizer.json,118,22,194,76,0,0,24,2,0,0,192,74,4,2,24,2,0,0,194,76,0,0,24,2,0,0
Math/commit/6,src_main_java_org_apache_commons_math3_optim_nonlinear_scalar_noderiv_CMAESOptimizer.json,721,107,842,121,0,0,109,2,0,0,840,119,0,2,109,2,0,0,842,121,0,0,109,2,0,0
Math/commit/6,src_main_java_org_apache_commons_math3_optim_BaseOptimizer.json,85,17,95,10,0,0,19,2,0,0,95,10,0,0,19,2,0,0,95,10,0,0,19,2,0,0
Math/commit/6,src_main_java_org_apache_commons_math3_optim_nonlinear_scalar_noderiv_SimplexOptimizer.json,56,8,86,30,0,0,10,2,0,0,86,30,3,0,10,2,0,0,86,30,0,0,10,2,0,0
Math/commit/6,src_main_java_org_apache_commons_math3_optim_nonlinear_scalar_noderiv_PowellOptimizer.json,93,17,172,79,0,0,19,2,0,0,170,77,3,2,19,2,0,0,172,79,0,0,19,2,0,0
Math/commit/6,src_main_java_org_apache_commons_math3_optim_nonlinear_vector_jacobian_LevenbergMarquardtOptimizer.json,332,25,521,189,0,0,27,2,0,0,517,185,1,4,27,2,0,0,521,189,0,0,27,2,0,0
Math/commit/6,src_main_java_org_apache_commons_math3_optim_nonlinear_vector_jacobian_GaussNewtonOptimizer.json,19,4,84,65,0,0,6,2,0,0,84,65,3,0,6,2,0,0,84,65,0,0,6,2,0,0
JacksonDatabind/commit/77,src_main_java_com_fasterxml_jackson_databind_deser_BeanDeserializerFactory.json,502,23,536,34,0,0,25,2,0,0,534,32,0,2,25,2,0,0,536,34,0,0,25,2,0,0
Math/commit/5,src_main_java_org_apache_commons_math3_complex_Complex.json,441,53,466,25,0,0,55,2,0,0,464,23,0,2,55,2,0,0,466,25,0,0,55,2,0,0
JacksonDatabind/commit/78,src_main_java_com_fasterxml_jackson_databind_deser_BeanDeserializerFactory.json,523,23,557,34,0,0,25,2,0,0,555,32,0,2,25,2,0,0,557,34,0,0,25,2,0,0
Math/commit/4,src_main_java_org_apache_commons_math3_geometry_euclidean_twod_SubLine.json,84,8,102,18,0,0,10,2,0,0,102,18,0,0,10,2,0,0,102,18,0,0,10,2,0,0
Math/commit/4,src_main_java_org_apache_commons_math3_geometry_euclidean_threed_SubLine.json,42,7,58,16,0,0,9,2,0,0,58,16,0,0,9,2,0,0,58,16,0,0,9,2,0,0
Math/commit/3,src_main_java_org_apache_commons_math3_util_MathArrays.json,815,46,865,50,0,0,48,2,0,0,863,48,0,2,48,2,0,0,865,50,0,0,48,2,0,0
Math/commit/2,src_main_java_org_apache_commons_math3_distribution_HypergeometricDistribution.json,172,23,182,10,0,0,25,2,0,0,178,6,4,4,25,2,0,0,182,10,0,0,25,2,0,0
Jsoup/commit/24,src_main_java_org_jsoup_parser_TokeniserState.json,0,0,1738,1738,0,0,76,76,0,0,1738,1738,0,0,76,76,0,0,1738,1738,0,0,76,76,0,0
Jsoup/commit/23,src_main_java_org_jsoup_parser_Tokeniser.json,139,36,201,62,0,0,38,2,0,0,201,62,0,0,38,2,0,0,201,62,0,0,38,2,0,0
Jsoup/commit/23,src_main_java_org_jsoup_parser_CharacterReader.json,197,32,198,1,0,0,33,1,0,0,198,1,0,0,33,1,0,0,198,1,0,0,33,1,0,0
Jsoup/commit/26,src_main_java_org_jsoup_safety_Cleaner.json,71,9,82,11,0,0,11,2,0,0,82,11,0,0,11,2,0,0,82,11,0,0,11,2,0,0
Jsoup/commit/25,src_main_java_org_jsoup_parser_Tag.json,142,31,173,31,0,0,33,2,0,0,173,31,0,0,33,2,0,0,173,31,0,0,33,2,0,0
Jsoup/commit/29,src_main_java_org_jsoup_nodes_Document.json,252,38,261,9,0,0,40,2,0,0,259,7,0,2,40,2,0,0,261,9,3,0,40,2,0,0
JacksonDatabind/commit/73,src_main_java_com_fasterxml_jackson_databind_introspect_POJOPropertyBuilder.json,1049,112,1083,34,0,0,114,2,0,0,1081,32,0,2,114,2,0,0,1083,34,0,0,114,2,0,0
JacksonDatabind/commit/73,src_main_java_com_fasterxml_jackson_databind_introspect_POJOPropertiesCollector.json,729,54,742,13,0,0,56,2,0,0,740,11,0,2,56,2,0,0,742,13,0,0,56,2,0,0
Jsoup/commit/31,src_main_java_org_jsoup_parser_Token.json,227,62,231,4,0,0,64,2,0,0,231,4,0,0,64,2,0,0,231,4,0,0,64,2,0,0
Jsoup/commit/31,src_main_java_org_jsoup_parser_TokeniserState.json,0,0,1761,1761,0,0,76,76,0,0,1761,1761,0,0,76,76,0,0,1761,1761,0,0,76,76,0,0
Jsoup/commit/31,src_main_java_org_jsoup_parser_XmlTreeBuilder.json,97,7,106,9,0,0,9,2,0,0,106,9,0,0,9,2,0,0,106,9,0,0,9,2,0,0
JacksonDatabind/commit/74,src_main_java_com_fasterxml_jackson_databind_jsontype_impl_AsPropertyTypeDeserializer.json,112,10,141,29,0,0,12,2,0,0,141,29,0,0,12,2,0,0,141,29,0,0,12,2,0,0
JacksonDatabind/commit/75,src_main_java_com_fasterxml_jackson_databind_ser_std_EnumSerializer.json,96,10,152,56,0,0,14,4,0,0,152,56,0,0,14,4,0,0,151,55,1,1,14,4,0,0
JacksonDatabind/commit/76,src_main_java_com_fasterxml_jackson_databind_deser_BuilderBasedDeserializer.json,544,27,593,49,0,0,29,2,0,0,590,46,1,3,29,2,0,0,590,46,1,3,29,2,0,0
JacksonDatabind/commit/70,src_main_java_com_fasterxml_jackson_databind_deser_impl_BeanPropertyMap.json,402,33,430,28,0,0,35,2,0,0,428,26,2,2,35,2,0,0,430,28,0,0,35,2,0,0
JacksonDatabind/commit/71,src_main_java_com_fasterxml_jackson_databind_deser_std_StdKeyDeserializer.json,286,60,353,67,0,0,62,2,0,0,351,65,0,2,62,2,0,0,353,67,0,0,62,2,0,0
JacksonDatabind/commit/72,src_main_java_com_fasterxml_jackson_databind_deser_impl_InnerClassProperty.json,143,20,146,3,0,0,21,1,0,0,146,3,0,0,21,1,0,0,146,3,0,0,21,1,0,0
JacksonDatabind/commit/67,src_main_java_com_fasterxml_jackson_databind_deser_BasicDeserializerFactory.json,1425,67,1476,51,0,0,69,2,0,0,1473,48,0,3,69,2,0,0,1476,51,0,0,69,2,0,0
JacksonDatabind/commit/69,src_main_java_com_fasterxml_jackson_databind_deser_impl_CreatorCollector.json,231,52,304,73,0,0,56,4,0,0,302,71,0,2,56,4,0,0,304,73,0,0,56,4,0,0
Math/commit/1,src_main_java_org_apache_commons_math3_fraction_BigFraction.json,456,71,516,60,0,0,73,2,0,0,514,58,0,2,73,2,0,0,516,60,0,0,73,2,0,0
Math/commit/1,src_main_java_org_apache_commons_math3_fraction_Fraction.json,284,48,344,60,0,0,50,2,0,0,342,58,0,2,50,2,0,0,344,60,0,0,50,2,0,0
Jsoup/commit/35,src_main_java_org_jsoup_parser_HtmlTreeBuilderState.json,0,0,1587,1587,0,0,42,42,0,0,1582,1582,0,5,42,42,0,0,1587,1587,0,0,42,42,0,0
Jsoup/commit/34,src_main_java_org_jsoup_parser_CharacterReader.json,236,34,257,21,0,0,36,2,0,0,256,20,0,1,36,2,0,0,257,21,0,0,36,2,0,0
Jsoup/commit/33,src_main_java_org_jsoup_parser_HtmlTreeBuilder.json,683,85,697,14,0,0,87,2,0,0,696,13,0,1,87,2,0,0,697,14,0,0,87,2,0,0
Jsoup/commit/39,src_main_java_org_jsoup_helper_DataUtil.json,103,10,158,55,0,0,12,2,0,0,158,55,0,0,12,2,0,0,158,55,0,0,12,2,0,0
Math/commit/9,src_main_java_org_apache_commons_math3_geometry_euclidean_threed_Line.json,120,18,127,7,0,1,20,2,0,0,127,7,6,1,20,2,0,0,128,8,0,0,20,2,0,0
Jsoup/commit/38,src_main_java_org_jsoup_parser_HtmlTreeBuilderState.json,4,18,1592,1588,0,0,60,42,0,0,1587,1583,0,5,60,42,0,0,1592,1588,0,0,60,42,0,0
Math/commit/8,src_main_java_org_apache_commons_math3_distribution_DiscreteDistribution.json,67,9,83,16,0,3,11,2,0,0,85,18,2,1,11,2,0,0,85,18,0,1,11,2,0,0
Jsoup/commit/37,src_main_java_org_jsoup_nodes_Element.json,762,92,772,10,0,0,94,2,0,0,770,8,0,2,94,2,0,0,772,10,0,0,94,2,0,0
Jsoup/commit/36,src_main_java_org_jsoup_helper_DataUtil.json,79,8,138,59,0,0,12,4,0,0,137,58,1,1,12,4,0,0,137,58,1,1,12,4,0,0
Time/commit/27,src_main_java_org_joda_time_format_PeriodFormatterBuilder.json,1400,160,1429,29,0,0,162,2,0,0,1427,27,0,2,162,2,0,0,1429,29,0,0,162,2,0,0
Closure/commit/127,src_com_google_javascript_jscomp_UnreachableCodeElimination.json,111,13,144,33,0,0,16,3,0,0,144,33,0,0,16,3,0,0,144,33,0,0,16,3,0,0
Jsoup/commit/86,src_main_java_org_jsoup_nodes_Comment.json,49,9,66,17,0,0,11,2,0,0,66,17,0,0,11,2,0,0,66,17,0,0,11,2,0,0
Lang/commit/58,src_java_org_apache_commons_lang_math_NumberUtils.json,842,70,971,129,0,0,72,2,0,0,964,122,5,7,72,2,0,0,966,124,6,5,72,2,0,0
Closure/commit/126,src_com_google_javascript_jscomp_MinimizeExitPoints.json,116,7,178,62,0,0,9,2,0,0,178,62,0,0,9,2,0,0,178,62,0,0,9,2,0,0
Lang/commit/57,src_java_org_apache_commons_lang_LocaleUtils.json,136,12,148,12,0,0,14,2,0,0,148,12,1,0,14,2,0,0,148,12,0,0,14,2,0,0
Time/commit/25,src_main_java_org_joda_time_DateTimeZone.json,673,66,697,24,0,0,68,2,0,0,694,21,0,3,68,2,0,0,697,24,0,0,68,2,0,0
Jsoup/commit/84,src_main_java_org_jsoup_helper_W3CDom.json,90,13,133,43,0,0,16,3,0,0,133,43,0,0,16,3,0,0,133,43,0,0,16,3,0,0
Lang/commit/56,src_java_org_apache_commons_lang_time_FastDateFormat.json,1078,159,1080,2,0,0,162,3,0,0,1078,0,0,2,162,3,0,0,1080,2,0,0,162,3,0,0
Closure/commit/128,src_com_google_javascript_jscomp_CodeGenerator.json,991,41,1008,17,0,0,43,2,0,0,1007,16,0,1,43,2,0,0,1008,17,0,0,43,2,0,0
Lang/commit/55,src_java_org_apache_commons_lang_time_StopWatch.json,94,21,105,11,0,0,23,2,0,0,105,11,0,0,23,2,0,0,105,11,0,0,23,2,0,0
Time/commit/23,src_main_java_org_joda_time_DateTimeZone.json,669,67,720,51,9,8,69,2,0,0,713,44,6,15,69,2,0,0,716,47,18,12,69,2,0,0
Closure/commit/123,src_com_google_javascript_jscomp_CodeGenerator.json,513,42,1016,503,0,1,44,2,0,0,975,462,0,42,44,2,0,0,1016,503,1,1,44,2,0,0
Time/commit/24,src_main_java_org_joda_time_format_DateTimeParserBucket.json,249,48,298,49,0,0,50,2,0,0,296,47,0,2,50,2,0,0,298,49,0,0,50,2,0,0
Closure/commit/122,src_com_google_javascript_jscomp_parsing_IRFactory.json,1230,109,1241,11,2,0,111,2,0,0,1239,9,3,2,111,2,0,0,1241,11,2,0,111,2,0,0
Closure/commit/125,src_com_google_javascript_jscomp_TypeCheck.json,1259,97,1282,23,0,0,99,2,0,0,1280,21,0,2,99,2,0,0,1282,23,0,0,99,2,0,0
Time/commit/22,src_main_java_org_joda_time_base_BasePeriod.json,367,34,374,7,0,0,36,2,0,0,368,1,0,6,35,1,0,1,371,4,0,3,35,1,0,1
Closure/commit/124,src_com_google_javascript_jscomp_ExploitAssigns.json,127,5,143,16,0,0,7,2,0,0,143,16,0,0,7,2,0,0,143,16,0,0,7,2,0,0
Math/commit/106,src_java_org_apache_commons_math_fraction_ProperFractionFormat.json,53,8,99,46,0,0,10,2,0,0,99,46,0,0,10,2,0,0,99,46,0,0,10,2,0,0
Math/commit/105,src_java_org_apache_commons_math_stat_regression_SimpleRegression.json,157,30,165,8,0,0,32,2,0,0,163,6,0,2,32,2,0,0,165,8,0,0,32,2,0,0
Math/commit/104,src_java_org_apache_commons_math_special_Gamma.json,116,12,119,3,0,0,14,2,0,0,119,3,0,0,14,2,0,0,119,3,0,0,14,2,0,0
Math/commit/103,src_java_org_apache_commons_math_distribution_NormalDistributionImpl.json,89,13,98,9,0,0,15,2,0,0,97,8,1,1,15,2,0,0,97,8,1,1,15,2,0,0
Math/commit/102,src_java_org_apache_commons_math_stat_inference_ChiSquareTestImpl.json,229,18,251,22,0,0,20,2,0,0,248,19,1,3,20,2,0,0,250,21,1,1,20,2,0,0
Math/commit/101,src_java_org_apache_commons_math_complex_ComplexFormat.json,265,32,313,48,0,0,34,2,0,0,311,46,0,2,34,2,0,0,313,48,0,0,34,2,0,0
Closure/commit/18,src_com_google_javascript_jscomp_Compiler.json,1758,239,1844,86,0,0,241,2,0,0,1842,84,0,2,241,2,0,0,1844,86,0,0,241,2,0,0
Closure/commit/16,src_com_google_javascript_jscomp_ScopedAliases.json,293,46,333,40,0,0,52,6,0,0,329,36,2,4,52,6,0,0,326,33,4,7,51,5,0,1
Closure/commit/129,src_com_google_javascript_jscomp_PrepareAst.json,127,14,143,16,0,0,17,3,0,0,143,16,0,0,17,3,0,0,143,16,0,0,17,3,0,0
Closure/commit/17,src_com_google_javascript_jscomp_TypedScopeCreator.json,1204,102,1253,49,0,0,105,3,0,0,1247,43,2,6,105,3,0,0,1252,48,2,1,105,3,0,0
Closure/commit/14,src_com_google_javascript_jscomp_ControlFlowAnalysis.json,706,58,780,74,0,0,60,2,0,0,778,72,0,2,60,2,0,0,780,74,0,0,60,2,0,0
Jsoup/commit/46,src_main_java_org_jsoup_nodes_Entities.json,120,20,198,78,5,5,22,2,0,0,201,81,0,2,22,2,0,0,203,83,0,0,22,2,0,0
Closure/commit/15,src_com_google_javascript_jscomp_FlowSensitiveInlineVariables.json,279,31,301,22,0,0,34,3,0,0,300,21,0,1,34,3,0,0,301,22,0,0,34,3,0,0
Lang/commit/64,src_java_org_apache_commons_lang_enums_ValuedEnum.json,40,6,49,9,0,0,8,2,0,0,49,9,0,0,8,2,0,0,49,9,0,0,8,2,0,0
Closure/commit/12,src_com_google_javascript_jscomp_MaybeReachingVariableUse.json,179,19,186,7,0,0,21,2,0,0,186,7,0,0,21,2,0,0,182,3,0,4,20,1,0,1
Jsoup/commit/44,src_main_java_org_jsoup_parser_TreeBuilder.json,52,15,75,23,0,0,19,4,0,0,75,23,0,0,19,4,0,0,75,23,0,0,19,4,0,0
Lang/commit/63,src_java_org_apache_commons_lang_time_DurationFormatUtils.json,325,30,406,81,0,1,32,2,0,0,405,80,4,2,32,2,0,0,406,81,5,1,32,2,0,0
Closure/commit/13,src_com_google_javascript_jscomp_PeepholeOptimizationsPass.json,135,26,157,22,0,0,28,2,0,0,157,22,0,0,28,2,0,0,157,22,0,0,28,2,0,0
Closure/commit/21,src_com_google_javascript_jscomp_CheckSideEffects.json,86,16,125,39,0,0,18,2,0,0,125,39,3,0,18,2,0,0,125,39,0,0,18,2,0,0
Lang/commit/61,src_java_org_apache_commons_lang_text_StrBuilder.json,1477,140,1512,35,0,0,142,2,0,0,1510,33,0,2,142,2,0,0,1510,33,0,2,142,2,0,0
Jsoup/commit/49,src_main_java_org_jsoup_nodes_Node.json,497,68,514,17,0,0,70,2,0,0,511,14,0,3,70,2,0,0,514,17,0,0,70,2,0,0
Lang/commit/60,src_java_org_apache_commons_lang_text_StrBuilder.json,1480,139,1511,31,0,0,142,3,0,0,1509,29,0,2,142,3,0,0,1511,31,0,0,142,3,0,0
Closure/commit/121,src_com_google_javascript_jscomp_InlineVariables.json,407,38,465,58,0,0,41,3,0,0,462,55,0,3,41,3,0,0,465,58,0,0,41,3,0,0
Jsoup/commit/48,src_main_java_org_jsoup_helper_HttpConnection.json,977,143,1008,31,0,0,146,3,0,0,1003,26,0,5,146,3,0,0,1006,29,0,2,146,3,0,0
Closure/commit/20,src_com_google_javascript_jscomp_PeepholeSubstituteAlternateSyntax.json,1150,59,1169,19,0,0,61,2,0,0,1168,18,0,1,61,2,0,0,1169,19,0,0,61,2,0,0
Jsoup/commit/47,src_main_java_org_jsoup_nodes_Entities.json,120,20,201,81,3,3,22,2,0,0,202,82,0,2,22,2,0,0,204,84,0,0,22,2,0,0
Lang/commit/59,src_java_org_apache_commons_lang_text_StrBuilder.json,1486,140,1509,23,3,3,142,2,0,0,1510,24,0,2,142,2,0,0,1509,23,1,3,142,2,0,0
Jsoup/commit/53,src_main_java_org_jsoup_parser_TokenQueue.json,257,34,287,30,0,0,36,2,0,0,285,28,0,2,36,2,0,0,287,30,0,0,36,2,0,0
Lang/commit/47,src_java_org_apache_commons_lang_text_StrBuilder.json,1633,161,1681,48,0,0,164,3,0,0,1679,46,0,2,164,3,0,0,1681,48,0,0,164,3,0,0
Lang/commit/46,src_java_org_apache_commons_lang_StringEscapeUtils.json,329,23,463,134,0,0,30,7,0,0,461,132,0,2,30,7,0,0,463,134,0,0,30,7,0,0
Jsoup/commit/51,src_main_java_org_jsoup_parser_CharacterReader.json,340,42,349,9,0,0,44,2,0,0,347,7,0,2,44,2,0,0,349,9,0,0,44,2,0,0
Lang/commit/45,src_java_org_apache_commons_lang_WordUtils.json,240,13,279,39,0,0,15,2,0,0,277,37,0,2,15,2,0,0,279,39,0,0,15,2,0,0
Jsoup/commit/50,src_main_java_org_jsoup_helper_DataUtil.json,138,17,187,49,0,0,19,2,0,0,184,46,0,3,19,2,0,0,187,49,0,0,19,2,0,0
Lang/commit/44,src_java_org_apache_commons_lang_NumberUtils.json,283,18,407,124,0,0,20,2,0,0,404,121,0,3,20,2,0,0,407,124,0,0,20,2,0,0
Jsoup/commit/54,src_main_java_org_jsoup_helper_W3CDom.json,113,13,128,15,0,0,16,3,0,0,128,15,0,0,16,3,0,0,128,15,0,0,16,3,0,0
Math/commit/100,src_java_org_apache_commons_math_estimation_AbstractEstimator.json,101,21,151,50,0,0,24,3,0,0,148,47,0,3,24,3,0,0,151,50,0,0,24,3,0,0
Lang/commit/54,src_java_org_apache_commons_lang_LocaleUtils.json,105,12,148,43,0,0,14,2,0,0,148,43,0,0,14,2,0,0,148,43,0,0,14,2,0,0
Jsoup/commit/57,src_main_java_org_jsoup_nodes_Attributes.json,254,35,268,14,0,2,37,2,0,0,268,14,0,2,37,2,0,0,270,16,0,0,37,2,0,0
Lang/commit/53,src_java_org_apache_commons_lang_time_DateUtils.json,387,49,481,94,0,0,51,2,0,0,479,92,0,2,51,2,0,0,481,94,0,0,51,2,0,0
Jsoup/commit/56,src_main_java_org_jsoup_parser_HtmlTreeBuilderState.json,4,18,1605,1601,0,0,61,43,0,0,1605,1601,0,0,61,43,0,0,1605,1601,0,0,61,43,0,0
Jsoup/commit/56,src_main_java_org_jsoup_parser_Token.json,349,78,363,14,0,0,81,3,0,0,361,12,0,2,81,3,0,0,363,14,0,0,81,3,0,0
Jsoup/commit/56,src_main_java_org_jsoup_parser_TokeniserState.json,0,0,1700,1700,0,0,82,82,0,0,1700,1700,0,0,82,82,0,0,1700,1700,0,0,82,82,0,0
Jsoup/commit/56,src_main_java_org_jsoup_parser_XmlTreeBuilder.json,124,10,132,8,0,0,12,2,0,0,132,8,0,0,12,2,0,0,132,8,0,0,12,2,0,0
Jsoup/commit/56,src_main_java_org_jsoup_nodes_DocumentType.json,13,7,53,40,0,0,11,4,0,0,53,40,0,0,10,3,0,1,53,40,0,0,11,4,0,0
Jsoup/commit/55,src_main_java_org_jsoup_parser_TokeniserState.json,0,0,1699,1699,0,0,82,82,0,0,1699,1699,0,0,82,82,0,0,1699,1699,0,0,82,82,0,0
Lang/commit/52,src_java_org_apache_commons_lang_StringEscapeUtils.json,298,20,378,80,0,0,22,2,0,0,373,75,3,5,22,2,0,0,376,78,2,2,22,2,0,0
Lang/commit/51,src_java_org_apache_commons_lang_BooleanUtils.json,439,36,478,39,0,0,38,2,0,0,476,37,0,2,38,2,0,0,478,39,0,0,38,2,0,0
Lang/commit/50,src_java_org_apache_commons_lang_time_FastDateFormat.json,1024,160,1085,61,0,0,163,3,0,0,1083,59,0,2,163,3,0,0,1085,61,0,0,163,3,0,0
Jsoup/commit/59,src_main_java_org_jsoup_parser_Token.json,343,80,369,26,0,0,83,3,0,0,367,24,0,2,83,3,0,0,369,26,0,0,83,3,0,0
Jsoup/commit/58,src_main_java_org_jsoup_safety_Cleaner.json,103,16,115,12,0,0,18,2,0,0,114,11,1,1,18,2,0,0,113,10,2,2,18,2,0,0
Jsoup/commit/58,src_main_java_org_jsoup_Jsoup.json,134,15,146,12,0,0,17,2,0,0,146,12,0,0,17,2,0,0,145,11,0,1,17,2,0,0
Jsoup/commit/58,src_main_java_org_jsoup_parser_Parser.json,130,22,132,2,0,0,23,1,0,0,132,2,0,0,23,1,0,0,132,2,0,0,23,1,0,0
Jsoup/commit/60,src_main_java_org_jsoup_select_QueryParser.json,313,27,323,10,0,0,29,2,0,0,320,7,1,3,29,2,0,0,322,9,1,1,29,2,0,0
Jsoup/commit/60,src_main_java_org_jsoup_parser_TokenQueue.json,257,34,293,36,0,0,36,2,0,0,291,34,0,2,36,2,0,0,293,36,0,0,36,2,0,0
Lang/commit/49,src_java_org_apache_commons_lang_math_Fraction.json,492,51,504,12,0,0,53,2,0,0,501,9,0,3,53,2,0,0,504,12,0,0,53,2,0,0
Lang/commit/48,src_java_org_apache_commons_lang_builder_EqualsBuilder.json,439,29,491,52,0,0,31,2,0,0,488,49,1,3,31,2,0,0,490,51,1,1,31,2,0,0
Mockito/commit/28,src_org_mockito_internal_configuration_DefaultInjectionEngine.json,44,5,56,12,0,0,7,2,0,0,56,12,0,0,7,2,0,0,56,12,1,0,7,2,0,0
Jsoup/commit/20,src_main_java_org_jsoup_helper_DataUtil.json,73,9,107,34,0,0,11,2,0,0,107,34,0,0,11,2,0,0,107,34,0,0,11,2,0,0
Closure/commit/149,src_com_google_javascript_jscomp_AbstractCommandLineRunner.json,866,114,941,75,0,0,118,4,0,0,939,73,0,2,118,4,0,0,941,75,0,0,118,4,0,0
Closure/commit/149,src_com_google_javascript_jscomp_CommandLineRunner.json,165,55,186,21,0,0,57,2,0,0,184,19,0,2,57,2,0,0,186,21,0,0,57,2,0,0
Closure/commit/149,src_com_google_javascript_jscomp_CompilerOptions.json,342,176,345,3,0,0,178,2,0,0,343,1,0,2,178,2,0,0,345,3,0,0,178,2,0,0
Closure/commit/149,src_com_google_javascript_jscomp_Compiler.json,1337,195,1352,15,0,2,197,2,0,0,1351,14,1,3,197,2,0,0,1352,15,1,2,197,2,0,0
Mockito/commit/29,src_org_mockito_internal_matchers_Same.json,22,5,35,13,0,0,7,2,0,0,35,13,0,0,7,2,0,0,35,13,0,0,7,2,0,0
Mockito/commit/26,src_org_mockito_internal_util_Primitives.json,34,8,65,31,0,0,9,1,0,0,65,31,0,0,9,1,0,0,65,31,0,0,9,1,0,0
Codec/commit/8,src_java_org_apache_commons_codec_binary_Base64InputStream.json,41,8,78,37,0,0,10,2,0,0,78,37,0,0,10,2,0,0,78,37,0,0,10,2,0,0
Mockito/commit/27,src_org_mockito_internal_util_MockUtil.json,91,10,103,12,0,0,12,2,0,0,103,12,4,0,12,2,0,0,102,11,1,1,12,2,0,0
Closure/commit/145,src_com_google_javascript_jscomp_CodeGenerator.json,805,32,812,7,0,0,34,2,0,0,807,2,1,5,33,1,0,1,811,6,1,1,34,2,0,0
Mockito/commit/24,src_org_mockito_internal_stubbing_defaultanswers_ReturnsEmptyValues.json,50,4,72,22,0,0,6,2,0,0,72,22,0,0,6,2,0,0,71,21,0,1,6,2,0,0
Mockito/commit/25,src_org_mockito_internal_stubbing_defaultanswers_ReturnsDeepStubs.json,14,4,52,38,0,0,8,4,0,0,49,35,14,3,8,4,0,0,49,35,1,3,8,4,0,0
Closure/commit/144,src_com_google_javascript_jscomp_TypedScopeCreator.json,837,70,904,67,0,0,73,3,0,0,897,60,4,7,73,3,0,0,902,65,4,2,73,3,0,0
Closure/commit/144,src_com_google_javascript_rhino_jstype_FunctionType.json,625,63,633,8,0,0,65,2,0,0,631,6,0,2,65,2,0,0,633,8,0,0,65,2,0,0
Closure/commit/144,src_com_google_javascript_rhino_jstype_FunctionBuilder.json,92,23,95,3,0,0,24,1,0,0,95,3,0,0,24,1,0,0,95,3,0,0,24,1,0,0
Closure/commit/144,src_com_google_javascript_jscomp_FunctionTypeBuilder.json,277,42,317,40,0,0,45,3,0,0,315,38,2,2,45,3,0,0,317,40,2,0,45,3,0,0
Closure/commit/147,src_com_google_javascript_jscomp_CheckGlobalThis.json,49,8,89,40,0,0,10,2,0,0,89,40,0,0,10,2,0,0,89,40,0,0,10,2,0,0
Closure/commit/147,src_com_google_javascript_jscomp_RuntimeTypeCheck.json,231,25,264,33,0,0,28,3,0,0,263,32,0,1,28,3,0,0,264,33,0,0,28,3,0,0
Mockito/commit/22,src_org_mockito_internal_matchers_Equality.json,31,4,48,17,0,0,6,2,0,0,48,17,0,0,6,2,0,0,48,17,0,0,6,2,0,0
Closure/commit/146,src_com_google_javascript_rhino_jstype_JSType.json,580,96,599,19,0,0,98,2,0,0,596,16,0,3,98,2,0,0,599,19,0,0,98,2,0,0
Mockito/commit/23,src_org_mockito_internal_stubbing_defaultanswers_ReturnsDeepStubs.json,48,7,81,33,0,1,13,6,0,0,82,34,0,0,13,6,0,0,82,34,2,0,11,4,0,2
Mockito/commit/31,src_org_mockito_internal_stubbing_defaultanswers_ReturnsSmartNulls.json,34,7,45,11,0,0,10,3,0,0,45,11,0,0,10,3,0,0,45,11,0,0,10,3,0,0
Mockito/commit/32,src_org_mockito_internal_configuration_SpyAnnotationEngine.json,18,2,54,36,0,0,4,2,0,0,52,34,1,2,4,2,0,0,54,36,3,0,4,2,0,0
JacksonCore/commit/23,src_main_java_com_fasterxml_jackson_core_util_DefaultPrettyPrinter.json,272,45,281,9,0,0,47,2,0,0,276,4,0,5,46,1,0,1,281,9,0,0,47,2,0,0
JacksonCore/commit/22,src_main_java_com_fasterxml_jackson_core_filter_FilteringParserDelegate.json,419,62,847,428,0,0,66,4,0,0,834,415,9,13,66,4,0,0,834,415,7,13,66,4,0,0
Mockito/commit/30,src_org_mockito_exceptions_Reporter.json,331,49,339,8,0,0,51,2,0,0,332,1,2,7,50,1,0,1,339,8,0,0,51,2,0,0
Mockito/commit/30,src_org_mockito_internal_stubbing_defaultanswers_ReturnsSmartNulls.json,26,7,45,19,0,0,10,3,0,0,45,19,0,0,10,3,0,0,45,19,0,0,10,3,0,0
Cli/commit/28,src_java_org_apache_commons_cli_Parser.json,170,14,199,29,0,0,16,2,0,0,196,26,0,3,16,2,0,0,199,29,0,0,16,2,0,0
Cli/commit/29,src_java_org_apache_commons_cli_Util.json,15,1,29,14,0,0,3,2,0,0,29,14,3,0,3,2,0,0,29,14,1,0,3,2,0,0
Closure/commit/38,src_com_google_javascript_jscomp_CodeConsumer.json,189,35,219,30,0,0,37,2,0,0,219,30,0,0,37,2,0,0,219,30,0,0,37,2,0,0
Closure/commit/39,src_com_google_javascript_rhino_jstype_PrototypeObjectType.json,405,47,445,40,0,0,49,2,0,0,444,39,0,1,49,2,0,0,442,37,0,3,49,2,0,0
Cli/commit/24,src_java_org_apache_commons_cli_HelpFormatter.json,429,55,460,31,0,0,57,2,0,0,458,29,3,2,57,2,0,0,460,31,0,0,57,2,0,0
Closure/commit/36,src_com_google_javascript_jscomp_InlineVariables.json,421,38,456,35,0,0,41,3,0,0,453,32,0,3,41,3,0,0,456,35,0,0,41,3,0,0
Cli/commit/25,src_java_org_apache_commons_cli_HelpFormatter.json,429,55,462,33,0,0,57,2,0,0,460,31,0,2,57,2,0,0,461,32,0,1,57,2,0,0
Closure/commit/37,src_com_google_javascript_jscomp_NodeTraversal.json,492,70,518,26,0,0,72,2,0,0,516,24,0,2,72,2,0,0,518,26,0,0,72,2,0,0
Closure/commit/37,src_com_google_javascript_jscomp_parsing_IRFactory.json,1048,96,1094,46,0,0,99,3,0,0,1091,43,0,3,99,3,0,0,1094,46,0,0,99,3,0,0
Codec/commit/6,src_java_org_apache_commons_codec_binary_Base64InputStream.json,41,8,78,37,0,0,10,2,0,0,76,35,1,2,10,2,0,0,76,35,1,2,10,2,0,0
Cli/commit/26,src_java_org_apache_commons_cli_OptionBuilder.json,152,28,174,22,0,0,30,2,0,0,172,20,2,2,30,2,0,0,173,21,0,1,30,2,0,0
Closure/commit/34,src_com_google_javascript_jscomp_CodeGenerator.json,448,36,958,510,1,2,39,3,0,0,955,507,9,5,39,3,0,0,958,510,5,2,39,3,0,0
Closure/commit/34,src_com_google_javascript_jscomp_CodePrinter.json,438,79,457,19,0,0,82,3,0,0,456,18,0,1,82,3,0,0,457,19,0,0,82,3,0,0
Cli/commit/27,src_java_org_apache_commons_cli_OptionGroup.json,57,11,76,19,0,0,13,2,0,0,76,19,0,0,13,2,0,0,76,19,0,0,13,2,0,0
Closure/commit/35,src_com_google_javascript_jscomp_TypeInference.json,980,62,992,12,0,2,64,2,0,0,992,12,6,2,64,2,0,0,992,12,2,2,64,2,0,0
Closure/commit/43,src_com_google_javascript_jscomp_TypedScopeCreator.json,1138,100,1214,76,0,0,104,4,0,0,1209,71,0,5,104,4,0,0,1214,76,0,0,104,4,0,0
Codec/commit/3,src_java_org_apache_commons_codec_language_DoubleMetaphone.json,890,65,946,56,0,0,67,2,0,0,944,54,0,2,67,2,0,0,946,56,0,0,67,2,0,0
Closure/commit/41,src_com_google_javascript_jscomp_FunctionTypeBuilder.json,448,77,542,94,0,0,80,3,0,0,540,92,0,2,80,3,0,0,542,94,0,0,80,3,0,0
Closure/commit/143,src_com_google_javascript_jscomp_AbstractCommandLineRunner.json,761,101,805,44,0,0,103,2,0,0,803,42,0,2,103,2,0,0,805,44,0,0,103,2,0,0
Closure/commit/143,src_com_google_javascript_jscomp_RemoveConstantExpressions.json,59,13,77,18,0,0,16,3,0,0,77,18,0,0,16,3,0,0,77,18,0,0,16,3,0,0
Codec/commit/1,src_java_org_apache_commons_codec_language_SoundexUtils.json,26,2,48,22,0,0,4,2,0,0,48,22,0,0,4,2,0,0,48,22,0,0,4,2,0,0
Codec/commit/1,src_java_org_apache_commons_codec_language_Caverphone.json,27,4,97,70,0,0,6,2,0,0,97,70,0,0,6,2,0,0,97,70,0,0,6,2,0,0
Codec/commit/1,src_java_org_apache_commons_codec_language_Metaphone.json,89,15,301,212,0,0,17,2,0,0,297,208,0,4,17,2,0,0,301,212,0,0,17,2,0,0
Cli/commit/22,src_java_org_apache_commons_cli_PosixParser.json,16,5,101,85,0,2,10,5,0,0,98,82,7,5,10,5,0,0,96,80,8,7,10,5,0,0
Closure/commit/42,src_com_google_javascript_jscomp_parsing_IRFactory.json,1081,96,1090,9,0,0,99,3,0,0,1087,6,0,3,99,3,0,0,1090,9,0,0,99,3,0,0
Cli/commit/23,src_java_org_apache_commons_cli_HelpFormatter.json,429,55,457,28,0,2,57,2,0,0,457,28,2,2,57,2,0,0,455,26,0,4,57,2,0,0
Closure/commit/40,src_com_google_javascript_jscomp_NameAnalyzer.json,1103,119,1156,53,0,0,122,3,0,0,1150,47,7,6,122,3,0,0,1148,45,10,8,122,3,0,0
Closure/commit/116,src_com_google_javascript_jscomp_FunctionInjector.json,475,41,515,40,0,0,43,2,0,0,514,39,0,1,43,2,0,0,515,40,0,0,43,2,0,0
Compress/commit/1,src_main_java_org_apache_commons_compress_archivers_cpio_CpioArchiveOutputStream.json,280,26,291,11,0,0,28,2,0,0,289,9,0,2,28,2,0,0,291,11,0,0,28,2,0,0
Closure/commit/19,src_com_google_javascript_jscomp_type_ChainableReverseAbstractInterpreter.json,595,89,618,23,0,0,91,2,0,0,614,19,1,4,91,2,0,0,618,23,0,0,91,2,0,0
Closure/commit/115,src_com_google_javascript_jscomp_FunctionInjector.json,475,41,515,40,0,0,43,2,0,0,514,39,0,1,43,2,0,0,515,40,0,0,43,2,0,0
JxPath/commit/8,src_java_org_apache_commons_jxpath_ri_compiler_CoreOperationRelationalExpression.json,70,8,99,29,0,0,10,2,0,0,99,29,0,0,10,2,0,0,99,29,0,0,10,2,0,0
Mockito/commit/37,src_org_mockito_internal_stubbing_answers_AnswersValidator.json,40,4,57,17,0,0,6,2,0,0,57,17,0,0,6,2,0,0,57,17,0,0,6,2,0,0
Compress/commit/3,src_main_java_org_apache_commons_compress_archivers_tar_TarArchiveOutputStream.json,107,23,162,55,0,0,27,4,0,0,162,55,0,0,27,4,0,0,162,55,0,0,27,4,0,0
Closure/commit/117,src_com_google_javascript_jscomp_TypeValidator.json,470,58,511,41,0,0,60,2,0,0,510,40,0,1,60,2,0,0,511,41,0,0,60,2,0,0
Mockito/commit/38,src_org_mockito_internal_verification_argumentmatching_ArgumentMatchingTool.json,29,2,40,11,0,0,4,2,0,0,40,11,0,0,4,2,0,0,40,11,0,0,4,2,0,0
Compress/commit/2,src_main_java_org_apache_commons_compress_archivers_ar_ArArchiveInputStream.json,54,7,130,76,1,2,12,5,0,0,131,77,8,1,12,5,0,0,128,74,0,4,11,4,0,1
Closure/commit/112,src_com_google_javascript_jscomp_TypeInference.json,1121,73,1141,20,0,0,75,2,0,0,1140,19,0,1,75,2,0,0,1141,20,0,0,75,2,0,0
Mockito/commit/35,src_org_mockito_Matchers.json,313,47,345,32,0,0,51,4,0,0,343,30,0,2,51,4,0,0,345,32,0,0,51,4,0,0
Compress/commit/5,src_main_java_org_apache_commons_compress_archivers_zip_ZipArchiveInputStream.json,190,27,251,61,0,0,29,2,0,0,248,58,1,3,29,2,0,0,250,60,1,1,29,2,0,0
Closure/commit/111,src_com_google_javascript_jscomp_type_ClosureReverseAbstractInterpreter.json,197,28,207,10,0,0,31,3,0,0,206,9,1,1,31,3,0,0,206,9,0,1,31,3,0,0
Mockito/commit/36,src_org_mockito_internal_invocation_Invocation.json,205,39,214,9,0,0,41,2,0,0,214,9,0,0,41,2,0,0,214,9,0,0,41,2,0,0
Compress/commit/4,src_main_java_org_apache_commons_compress_changes_ChangeSetPerformer.json,37,4,95,58,0,0,6,2,0,0,95,58,0,0,6,2,0,0,95,58,0,0,6,2,0,0
Compress/commit/4,src_main_java_org_apache_commons_compress_archivers_tar_TarArchiveOutputStream.json,154,26,166,12,0,0,28,2,0,0,166,12,0,0,28,2,0,0,166,12,0,0,28,2,0,0
Compress/commit/4,src_main_java_org_apache_commons_compress_archivers_cpio_CpioArchiveOutputStream.json,260,24,271,11,0,0,26,2,0,0,269,9,0,2,26,2,0,0,271,11,0,0,26,2,0,0
Compress/commit/4,src_main_java_org_apache_commons_compress_archivers_zip_ZipArchiveOutputStream.json,436,71,449,13,0,0,73,2,0,0,447,11,0,2,73,2,0,0,449,13,0,0,73,2,0,0
Closure/commit/114,src_com_google_javascript_jscomp_NameAnalyzer.json,1207,123,1232,25,0,0,126,3,0,0,1230,23,0,2,126,3,0,0,1232,25,0,0,126,3,0,0
Closure/commit/113,src_com_google_javascript_jscomp_ProcessClosurePrimitives.json,785,82,816,31,0,0,84,2,0,0,815,30,0,1,84,2,0,0,816,31,0,0,84,2,0,0
Mockito/commit/34,src_org_mockito_internal_invocation_InvocationMatcher.json,85,15,101,16,0,0,17,2,0,0,101,16,0,0,17,2,0,0,101,16,0,0,17,2,0,0
Compress/commit/6,src_main_java_org_apache_commons_compress_archivers_zip_ZipArchiveEntry.json,265,43,295,30,0,0,46,3,0,0,293,28,0,2,46,3,0,0,295,30,0,0,46,3,0,0
Compress/commit/9,src_main_java_org_apache_commons_compress_archivers_tar_TarArchiveOutputStream.json,150,27,193,43,0,0,29,2,0,0,193,43,0,0,29,2,0,0,193,43,0,0,29,2,0,0
Cli/commit/31,src_main_java_org_apache_commons_cli_Option.json,315,56,317,2,0,0,58,2,0,0,315,0,0,2,58,2,0,0,317,2,0,0,58,2,0,0
Cli/commit/31,src_main_java_org_apache_commons_cli_OptionBuilder.json,160,28,178,18,0,0,30,2,0,0,178,18,0,0,30,2,0,0,177,17,0,1,30,2,0,0
Cli/commit/31,src_main_java_org_apache_commons_cli_HelpFormatter.json,450,59,477,27,0,0,61,2,0,0,475,25,0,2,61,2,0,0,475,25,0,2,61,2,0,0
Cli/commit/32,src_main_java_org_apache_commons_cli_HelpFormatter.json,443,59,469,26,0,0,61,2,0,0,467,24,0,2,61,2,0,0,469,26,0,0,61,2,0,0
Closure/commit/11,src_com_google_javascript_jscomp_TypeCheck.json,1111,87,1130,19,0,0,89,2,0,0,1127,16,2,3,89,2,0,0,1129,18,2,1,89,2,0,0
Closure/commit/120,src_com_google_javascript_jscomp_ReferenceCollectingCallback.json,463,77,482,19,0,0,80,3,0,0,481,18,0,1,80,3,0,0,482,19,0,0,80,3,0,0
Cli/commit/30,src_main_java_org_apache_commons_cli_DefaultParser.json,339,29,368,29,0,0,31,2,0,0,366,27,0,2,31,2,0,0,368,29,0,0,31,2,0,0
Cli/commit/30,src_main_java_org_apache_commons_cli_Parser.json,177,15,210,33,0,0,17,2,0,0,206,29,6,4,17,2,0,0,210,33,0,0,17,2,0,0
Cli/commit/39,src_main_java_org_apache_commons_cli_TypeHandler.json,87,8,127,40,0,0,10,2,0,0,127,40,0,0,10,2,0,0,127,40,0,0,10,2,0,0
Closure/commit/118,src_com_google_javascript_jscomp_DisambiguateProperties.json,872,100,891,19,0,0,103,3,0,0,890,18,0,1,103,3,0,0,891,19,0,0,103,3,0,0
JxPath/commit/5,src_java_org_apache_commons_jxpath_ri_model_NodePointer.json,444,64,476,32,0,0,66,2,0,0,473,29,0,3,66,2,0,0,476,32,0,0,66,2,0,0
JxPath/commit/3,src_java_org_apache_commons_jxpath_ri_model_beans_NullPropertyPointer.json,153,24,188,35,0,0,27,3,0,0,188,35,0,0,27,3,0,0,188,35,0,0,27,3,0,0
Cli/commit/36,src_main_java_org_apache_commons_cli_OptionGroup.json,75,11,78,3,0,0,13,2,0,0,78,3,0,0,13,2,0,0,78,3,0,0,13,2,0,0
JxPath/commit/1,src_java_org_apache_commons_jxpath_ri_model_jdom_JDOMNodePointer.json,642,45,691,49,0,2,47,2,0,0,691,49,0,2,47,2,0,0,693,51,0,0,47,2,0,0
JxPath/commit/1,src_java_org_apache_commons_jxpath_ri_model_dom_DOMNodePointer.json,638,49,689,51,0,0,51,2,0,0,687,49,0,2,51,2,0,0,689,51,0,0,51,2,0,0
JxPath/commit/2,src_java_org_apache_commons_jxpath_ri_compiler_Expression.json,78,23,104,26,0,0,26,3,0,0,104,26,0,0,26,3,0,0,104,26,0,0,26,3,0,0
Cli/commit/38,src_main_java_org_apache_commons_cli_DefaultParser.json,363,29,375,12,3,2,31,2,0,0,374,11,1,3,31,2,0,0,376,13,1,1,31,2,0,0
Closure/commit/10,src_com_google_javascript_jscomp_NodeUtil.json,2496,190,2511,15,0,0,192,2,0,0,2508,12,0,3,192,2,0,0,2511,15,0,0,192,2,0,0
Cli/commit/33,src_main_java_org_apache_commons_cli_HelpFormatter.json,456,59,470,14,0,0,61,2,0,0,468,12,0,2,61,2,0,0,470,14,0,0,61,2,0,0
Closure/commit/110,src_com_google_javascript_rhino_Node.json,2208,315,2226,18,0,0,317,2,0,0,2224,16,0,2,317,2,0,0,2226,18,0,0,317,2,0,0
Closure/commit/110,src_com_google_javascript_jscomp_ScopedAliases.json,346,52,388,42,0,0,55,3,0,0,385,39,5,3,55,3,0,0,386,40,2,2,55,3,0,0
Cli/commit/34,src_main_java_org_apache_commons_cli_Option.json,315,56,317,2,0,0,58,2,0,0,315,0,0,2,58,2,0,0,317,2,0,0,58,2,0,0
Cli/commit/34,src_main_java_org_apache_commons_cli_OptionBuilder.json,160,28,178,18,0,0,30,2,0,0,178,18,0,0,30,2,0,0,177,17,0,1,30,2,0,0
Closure/commit/119,src_com_google_javascript_jscomp_GlobalNamespace.json,858,122,975,117,2,2,125,3,0,0,974,116,0,3,125,3,0,0,977,119,0,0,125,3,0,0
Jsoup/commit/42,src_main_java_org_jsoup_nodes_FormElement.json,35,6,73,38,0,0,8,2,0,0,73,38,0,0,8,2,0,0,73,38,0,0,8,2,0,0
Jsoup/commit/41,src_main_java_org_jsoup_nodes_Element.json,780,92,796,16,0,0,94,2,0,0,794,14,1,2,94,2,0,0,796,16,0,0,94,2,0,0
Jsoup/commit/40,src_main_java_org_jsoup_nodes_DocumentType.json,28,3,41,13,0,0,5,2,0,0,41,13,0,0,5,2,0,0,41,13,0,0,5,2,0,0
Chart/commit/3,source_org_jfree_data_time_TimeSeries.json,687,64,716,29,0,0,66,2,0,0,714,27,0,2,66,2,0,0,716,29,0,0,66,2,0,0
Closure/commit/167,src_com_google_javascript_rhino_jstype_JSType.json,800,123,814,14,0,0,125,2,0,0,811,11,0,3,125,2,0,0,814,14,0,0,125,2,0,0
Closure/commit/167,src_com_google_javascript_jscomp_type_SemanticReverseAbstractInterpreter.json,360,32,484,124,0,0,38,6,0,0,482,122,6,2,38,6,0,0,471,111,4,13,38,6,0,0
Chart/commit/2,source_org_jfree_data_general_DatasetUtilities.json,1308,50,1417,109,0,0,53,3,0,0,1414,106,0,3,53,3,0,0,1417,109,0,0,53,3,0,0
Closure/commit/166,src_com_google_javascript_rhino_jstype_PrototypeObjectType.json,457,49,470,13,0,0,51,2,0,0,469,12,0,1,51,2,0,0,470,13,0,0,51,2,0,0
Chart/commit/1,source_org_jfree_chart_renderer_category_AbstractCategoryItemRenderer.json,1020,80,1058,38,0,0,82,2,0,0,1055,35,0,3,82,2,0,0,1058,38,0,0,82,2,0,0
Closure/commit/169,src_com_google_javascript_rhino_jstype_ArrowType.json,172,18,211,39,0,0,21,3,0,0,209,37,2,2,21,3,0,0,207,35,0,4,21,3,0,0
Closure/commit/169,src_com_google_javascript_rhino_jstype_FunctionType.json,823,80,881,58,0,0,84,4,0,0,878,55,1,3,84,4,0,0,879,56,0,2,84,4,0,0
Closure/commit/169,src_com_google_javascript_rhino_jstype_UnionType.json,486,40,518,32,0,0,43,3,0,0,514,28,3,4,43,3,0,0,514,28,0,4,43,3,0,0
Closure/commit/169,src_com_google_javascript_rhino_jstype_RecordType.json,85,12,168,83,0,0,16,4,0,0,163,78,6,5,16,4,0,0,163,78,2,5,16,4,0,0
Closure/commit/169,src_com_google_javascript_rhino_jstype_JSType.json,820,125,905,85,0,0,130,5,0,0,885,65,7,20,128,3,0,2,899,79,4,6,130,5,0,0
Closure/commit/168,src_com_google_javascript_jscomp_TypedScopeCreator.json,1221,102,1269,48,0,0,105,3,0,0,1267,46,0,2,105,3,0,0,1269,48,0,0,105,3,0,0
Jsoup/commit/43,src_main_java_org_jsoup_nodes_Element.json,780,93,800,20,0,0,95,2,0,0,798,18,0,2,95,2,0,0,798,18,0,2,95,2,0,0
Closure/commit/130,src_com_google_javascript_jscomp_CollapseProperties.json,514,31,541,27,0,0,33,2,0,0,540,26,0,1,33,2,0,0,541,27,0,0,33,2,0,0
Gson/commit/2,gson_src_main_java_com_google_gson_internal_bind_TypeAdapters.json,916,121,940,24,0,1,124,3,0,0,938,22,1,3,124,3,0,0,941,25,0,0,124,3,0,0
Gson/commit/1,gson_src_main_java_com_google_gson_TypeInfoFactory.json,49,5,95,46,0,0,7,2,0,0,95,46,0,0,7,2,0,0,95,46,0,0,7,2,0,0
Closure/commit/22,src_com_google_javascript_jscomp_CheckSideEffects.json,86,16,122,36,4,2,18,2,0,0,124,38,4,0,18,2,0,0,124,38,2,0,18,2,0,0
Gson/commit/4,gson_src_main_java_com_google_gson_stream_JsonWriter.json,241,34,394,153,0,0,44,10,0,0,392,151,0,2,44,10,0,0,386,145,0,8,44,10,0,0
Gson/commit/4,gson_src_main_java_com_google_gson_stream_JsonReader.json,1020,82,1154,134,0,0,84,2,0,0,1152,132,0,2,84,2,0,0,1154,134,0,0,84,2,0,0
Closure/commit/131,src_com_google_javascript_rhino_TokenStream.json,326,1,346,20,0,0,3,2,0,0,344,18,1,2,3,2,0,0,346,20,0,0,3,2,0,0
Gson/commit/3,gson_src_main_java_com_google_gson_internal_ConstructorConstructor.json,157,19,195,38,0,0,21,2,0,0,194,37,2,1,21,2,0,0,194,37,2,1,21,2,0,0
Gson/commit/6,gson_src_main_java_com_google_gson_internal_bind_JsonAdapterAnnotationTypeAdapterFactory.json,19,3,45,26,0,0,5,2,0,0,45,26,0,0,5,2,0,0,45,26,0,0,5,2,0,0
Gson/commit/5,gson_src_main_java_com_google_gson_internal_bind_util_ISO8601Utils.json,122,9,242,120,0,0,11,2,0,0,240,118,0,2,11,2,0,0,242,120,0,0,11,2,0,0
Chart/commit/9,source_org_jfree_data_time_TimeSeries.json,512,52,554,42,0,0,54,2,0,0,552,40,0,2,54,2,0,0,554,42,0,0,54,2,0,0
Cli/commit/40,src_main_java_org_apache_commons_cli_TypeHandler.json,99,9,139,40,0,0,11,2,0,0,139,40,0,0,11,2,0,0,138,39,0,1,11,2,0,0
Chart/commit/8,source_org_jfree_data_time_Week.json,303,31,311,8,0,0,33,2,0,0,309,6,0,2,33,2,0,0,311,8,0,0,33,2,0,0
Gson/commit/7,gson_src_main_java_com_google_gson_stream_JsonReader.json,1063,81,1156,93,0,0,84,3,0,0,1152,89,2,4,84,3,0,0,1154,91,2,2,84,3,0,0
Csv/commit/10,src_main_java_org_apache_commons_csv_CSVPrinter.json,278,17,292,14,0,0,19,2,0,0,289,11,0,3,19,2,0,0,292,14,0,0,19,2,0,0
Closure/commit/58,src_com_google_javascript_jscomp_LiveVariablesAnalysis.json,147,24,223,76,0,0,26,2,0,0,222,75,0,1,26,2,0,0,223,76,0,0,26,2,0,0
Csv/commit/15,src_main_java_org_apache_commons_csv_CSVFormat.json,757,105,841,84,0,0,107,2,0,0,837,80,2,4,107,2,0,0,840,83,2,1,107,2,0,0
JacksonCore/commit/10,src_main_java_com_fasterxml_jackson_core_sym_ByteQuadsCanonicalizer.json,799,77,840,41,3,2,80,3,0,0,839,40,0,3,80,3,0,0,842,43,0,0,80,3,0,0
Closure/commit/59,src_com_google_javascript_jscomp_Compiler.json,1468,207,1509,41,0,0,209,2,0,0,1507,39,0,2,209,2,0,0,1509,41,0,0,209,2,0,0
Csv/commit/16,src_main_java_org_apache_commons_csv_CSVParser.json,212,24,236,24,0,46,27,3,0,5,275,63,0,7,31,7,0,1,278,66,0,4,31,7,0,1
Closure/commit/56,src_com_google_javascript_jscomp_SourceFile.json,337,59,370,33,0,0,61,2,0,0,367,30,1,3,61,2,0,0,369,32,1,1,61,2,0,0
Closure/commit/57,src_com_google_javascript_jscomp_ClosureCodingConvention.json,271,25,296,25,0,0,27,2,0,0,294,23,0,2,27,2,0,0,296,25,0,0,27,2,0,0
Chart/commit/7,source_org_jfree_data_time_TimePeriodValues.json,229,38,294,65,0,0,40,2,0,0,292,63,0,2,40,2,0,0,294,65,0,0,40,2,0,0
Closure/commit/65,src_com_google_javascript_jscomp_CodeGenerator.json,862,38,936,74,0,0,40,2,0,0,935,73,0,1,40,2,0,0,936,74,0,0,40,2,0,0
Csv/commit/11,src_main_java_org_apache_commons_csv_CSVParser.json,192,25,230,38,0,0,27,2,0,0,227,35,0,3,27,2,0,0,230,38,0,0,27,2,0,0
Chart/commit/6,source_org_jfree_chart_util_ShapeList.json,61,7,75,14,0,0,9,2,0,0,74,13,2,1,9,2,0,0,75,14,0,0,9,2,0,0
Csv/commit/12,src_main_java_org_apache_commons_csv_CSVFormat.json,432,60,436,4,0,0,62,2,0,0,433,1,0,3,62,2,0,0,436,4,0,0,62,2,0,0
Chart/commit/5,source_org_jfree_data_xy_XYSeries.json,346,38,381,35,0,0,40,2,0,0,379,33,0,2,40,2,0,0,381,35,0,0,40,2,0,0
Csv/commit/13,src_main_java_org_apache_commons_csv_CSVPrinter.json,279,17,303,24,0,0,19,2,0,0,300,21,0,3,19,2,0,0,303,24,0,0,19,2,0,0
Csv/commit/13,src_main_java_org_apache_commons_csv_CSVFormat.json,542,78,546,4,0,0,80,2,0,0,543,1,0,3,80,2,0,0,546,4,0,0,80,2,0,0
Closure/commit/165,src_com_google_javascript_rhino_jstype_ObjectType.json,446,75,449,3,0,0,76,1,0,0,446,0,0,3,76,1,0,0,449,3,0,0,76,1,0,0
Closure/commit/165,src_com_google_javascript_rhino_jstype_RecordTypeBuilder.json,36,11,46,10,0,0,13,2,0,0,46,10,0,0,13,2,0,0,46,10,0,0,13,2,0,0
Closure/commit/165,src_com_google_javascript_rhino_jstype_RecordType.json,81,9,157,76,0,0,13,4,0,0,153,72,4,4,12,3,1,1,153,72,4,4,12,3,1,1
Closure/commit/165,src_com_google_javascript_rhino_jstype_JSTypeRegistry.json,953,103,970,17,0,0,105,2,0,0,968,15,0,2,105,2,0,0,970,17,0,0,105,2,0,0
Chart/commit/4,source_org_jfree_chart_plot_XYPlot.json,3198,290,3277,79,0,0,292,2,0,0,3275,77,0,2,292,2,0,0,3277,79,0,0,292,2,0,0
Closure/commit/64,src_com_google_javascript_jscomp_Compiler.json,1408,201,1477,69,0,0,206,5,0,0,1475,67,0,2,206,5,0,0,1477,69,0,0,206,5,0,0
Csv/commit/14,src_main_java_org_apache_commons_csv_CSVFormat.json,730,99,816,86,0,0,101,2,0,0,813,83,0,3,101,2,0,0,816,86,0,0,101,2,0,0
Closure/commit/61,src_com_google_javascript_jscomp_NodeUtil.json,2275,189,2316,41,0,0,191,2,0,0,2313,38,0,3,191,2,0,0,2316,41,0,0,191,2,0,0
Closure/commit/62,src_com_google_javascript_jscomp_LightweightMessageFormatter.json,88,11,129,41,0,0,13,2,0,0,129,41,0,0,13,2,0,0,129,41,0,0,13,2,0,0
Closure/commit/60,src_com_google_javascript_jscomp_NodeUtil.json,2248,188,2323,75,0,0,191,3,0,0,2318,70,2,5,191,3,0,0,2322,74,1,1,191,3,0,0
Cli/commit/19,src_java_org_apache_commons_cli_PosixParser.json,100,9,116,16,0,0,11,2,0,0,115,15,0,1,11,2,0,0,115,15,0,1,11,2,0,0
Closure/commit/139,src_com_google_javascript_jscomp_Normalize.json,356,38,396,40,0,0,43,5,0,0,395,39,0,1,43,5,0,0,396,40,0,0,43,5,0,0
JacksonCore/commit/19,src_main_java_com_fasterxml_jackson_core_json_ReaderBasedJsonParser.json,2283,83,2389,106,0,0,85,2,0,0,2387,104,0,2,85,2,0,0,2389,106,0,0,85,2,0,0
JacksonCore/commit/19,src_main_java_com_fasterxml_jackson_core_json_UTF8StreamJsonParser.json,3082,112,3168,86,0,0,114,2,0,0,3166,84,0,2,114,2,0,0,3168,86,0,0,114,2,0,0
Closure/commit/134,src_com_google_javascript_jscomp_TypedScopeCreator.json,791,56,807,16,0,0,59,3,0,0,799,8,3,8,59,3,0,0,803,12,4,4,59,3,0,0
Closure/commit/134,src_com_google_javascript_jscomp_AmbiguateProperties.json,346,61,423,77,0,0,68,7,0,0,421,75,10,2,68,7,0,0,421,75,6,2,68,7,0,0
Closure/commit/133,src_com_google_javascript_jscomp_parsing_JsDocInfoParser.json,1688,89,1697,9,0,0,91,2,0,0,1694,6,0,3,91,2,0,0,1697,9,0,0,91,2,0,0
Closure/commit/136,src_com_google_javascript_jscomp_MethodCompilerPass.json,141,19,155,14,0,0,21,2,0,0,154,13,1,1,21,2,0,0,154,13,2,1,21,2,0,0
Closure/commit/136,src_com_google_javascript_jscomp_RenameVars.json,218,42,265,47,0,0,45,3,0,0,263,45,0,2,45,3,0,0,262,44,1,3,45,3,0,0
JacksonXml/commit/6,src_main_java_com_fasterxml_jackson_dataformat_xml_ser_ToXmlGenerator.json,1020,83,1023,3,0,0,84,1,0,0,1020,0,0,3,84,1,0,0,1023,3,0,0,84,1,0,0
Closure/commit/135,src_com_google_javascript_jscomp_DevirtualizePrototypeMethods.json,173,11,191,18,0,0,13,2,0,0,190,17,0,1,13,2,0,0,191,18,0,0,13,2,0,0
Closure/commit/135,src_com_google_javascript_rhino_jstype_FunctionType.json,569,58,588,19,0,0,60,2,0,0,586,17,0,2,60,2,0,0,588,19,0,0,60,2,0,0
Jsoup/commit/10,src_main_java_org_jsoup_nodes_Node.json,337,52,364,27,0,0,54,2,0,0,361,24,0,3,54,2,0,0,364,27,0,0,54,2,0,0
JacksonXml/commit/4,src_main_java_com_fasterxml_jackson_dataformat_xml_ser_XmlSerializerProvider.json,213,13,226,13,0,0,15,2,0,0,226,13,0,0,15,2,0,0,226,13,0,0,15,2,0,0
JacksonCore/commit/14,src_main_java_com_fasterxml_jackson_core_io_IOContext.json,169,33,199,30,0,0,37,4,0,0,199,30,0,0,37,4,0,0,199,30,0,0,37,4,0,0
Cli/commit/10,src_java_org_apache_commons_cli_Parser.json,193,14,204,11,0,0,16,2,0,0,201,8,0,3,16,2,0,0,204,11,0,0,16,2,0,0
Closure/commit/33,src_com_google_javascript_rhino_jstype_PrototypeObjectType.json,441,48,460,19,0,0,50,2,0,0,459,18,0,1,50,2,0,0,460,19,0,0,50,2,0,0
JacksonXml/commit/5,src_main_java_com_fasterxml_jackson_dataformat_xml_ser_XmlSerializerProvider.json,191,15,199,8,0,0,17,2,0,0,199,8,0,0,17,2,0,0,199,8,0,0,17,2,0,0
JacksonCore/commit/13,src_main_java_com_fasterxml_jackson_core_json_JsonGeneratorImpl.json,90,17,93,3,0,0,18,1,0,0,93,3,0,0,18,1,0,0,93,3,0,0,18,1,0,0
Closure/commit/140,src_com_google_javascript_jscomp_Compiler.json,1190,182,1228,38,0,0,186,4,0,0,1226,36,1,2,186,4,0,0,1228,38,1,0,186,4,0,0
JacksonCore/commit/12,src_main_java_com_fasterxml_jackson_core_json_ReaderBasedJsonParser.json,1994,78,2378,384,0,0,85,7,0,0,2376,382,2,2,85,7,0,0,2378,384,0,0,85,7,0,0
JacksonCore/commit/12,src_main_java_com_fasterxml_jackson_core_json_UTF8StreamJsonParser.json,3156,112,3168,12,0,0,114,2,0,0,3166,10,2,2,114,2,0,0,3168,12,0,0,114,2,0,0
JacksonXml/commit/2,src_main_java_com_fasterxml_jackson_dataformat_xml_deser_XmlTokenStream.json,292,44,332,40,0,0,46,2,0,0,329,37,0,3,46,2,0,0,332,40,0,0,46,2,0,0
Closure/commit/142,src_com_google_javascript_jscomp_CoalesceVariableNames.json,285,34,303,18,0,0,36,2,0,0,302,17,0,1,36,2,0,0,303,18,0,0,36,2,0,0
Closure/commit/142,src_com_google_javascript_jscomp_parsing_JsDocInfoParser.json,1335,74,1405,70,0,0,76,2,0,0,1402,67,0,3,76,2,0,0,1405,70,0,0,76,2,0,0
JacksonXml/commit/3,src_main_java_com_fasterxml_jackson_dataformat_xml_deser_FromXmlParser.json,577,67,659,82,0,0,69,2,0,0,657,80,0,2,69,2,0,0,658,81,0,1,69,2,0,0
JacksonCore/commit/11,src_main_java_com_fasterxml_jackson_core_sym_ByteQuadsCanonicalizer.json,830,78,845,15,0,0,80,2,0,0,842,12,0,3,80,2,0,0,845,15,0,0,80,2,0,0
JacksonCore/commit/18,src_main_java_com_fasterxml_jackson_core_json_UTF8JsonGenerator.json,1826,98,1844,18,0,0,100,2,0,0,1834,8,1,10,99,1,0,1,1840,14,3,4,100,2,0,0
JacksonCore/commit/18,src_main_java_com_fasterxml_jackson_core_json_WriterBasedJsonGenerator.json,1662,74,1681,19,0,0,76,2,0,0,1670,8,1,11,75,1,0,1,1677,15,3,4,76,2,0,0
JacksonCore/commit/18,src_main_java_com_fasterxml_jackson_core_base_GeneratorBase.json,326,47,336,10,0,0,50,3,0,0,330,4,2,6,48,1,1,2,336,10,2,0,49,2,1,1
JacksonXml/commit/1,src_main_java_com_fasterxml_jackson_dataformat_xml_deser_FromXmlParser.json,549,67,655,106,0,0,69,2,0,0,651,102,2,4,69,2,0,0,652,103,0,3,69,2,0,0
JacksonCore/commit/17,src_main_java_com_fasterxml_jackson_core_json_UTF8JsonGenerator.json,1732,95,1795,63,0,2,99,4,0,0,1795,63,2,2,99,4,0,0,1797,65,0,0,99,4,0,0
Jsoup/commit/19,src_main_java_org_jsoup_safety_Whitelist.json,260,37,279,19,0,0,39,2,0,0,277,17,0,2,39,2,0,0,279,19,0,0,39,2,0,0
JacksonCore/commit/15,src_main_java_com_fasterxml_jackson_core_filter_FilteringParserDelegate.json,655,62,823,168,0,0,64,2,0,0,821,166,0,2,64,2,0,0,823,168,0,0,64,2,0,0
Cli/commit/17,src_java_org_apache_commons_cli_PosixParser.json,97,10,122,25,0,0,12,2,0,0,122,25,0,0,12,2,0,0,122,25,0,0,12,2,0,0
Closure/commit/29,src_com_google_javascript_jscomp_InlineObjectLiterals.json,206,15,254,48,0,0,18,3,0,0,251,45,0,3,18,3,0,0,254,48,0,0,18,3,0,0
Cli/commit/18,src_java_org_apache_commons_cli_PosixParser.json,59,8,116,57,0,0,11,3,0,0,114,55,3,2,11,3,0,0,113,54,5,3,11,3,0,0
Gson/commit/9,gson_src_main_java_com_google_gson_internal_bind_JsonTreeWriter.json,212,25,215,3,0,0,26,1,0,0,215,3,0,0,26,1,0,0,215,3,0,0,26,1,0,0
Gson/commit/9,gson_src_main_java_com_google_gson_internal_bind_TypeAdapters.json,1049,139,1061,12,0,0,142,3,0,0,1058,9,0,3,142,3,0,0,1061,12,0,0,142,3,0,0
Gson/commit/9,gson_src_main_java_com_google_gson_stream_JsonWriter.json,372,43,394,22,0,0,44,1,0,0,392,20,0,2,44,1,0,0,394,22,0,0,44,1,0,0
Closure/commit/27,src_com_google_javascript_rhino_IR.json,704,69,731,27,0,0,72,3,0,0,729,25,0,2,72,3,0,0,731,27,0,0,72,3,0,0
Closure/commit/28,src_com_google_javascript_jscomp_InlineCostEstimator.json,58,16,62,4,0,0,18,2,0,0,62,4,0,0,18,2,0,0,62,4,0,0,18,2,0,0
JacksonCore/commit/21,src_main_java_com_fasterxml_jackson_core_filter_FilteringParserDelegate.json,670,64,851,181,0,0,66,2,0,0,848,178,1,3,66,2,0,0,850,180,1,1,66,2,0,0
Jsoup/commit/13,src_main_java_org_jsoup_nodes_Node.json,431,59,441,10,0,0,61,2,0,0,434,3,0,7,60,1,0,1,441,10,0,0,61,2,0,0
Cli/commit/13,src_java_org_apache_commons_cli2_commandline_WriteableCommandLineImpl.json,173,27,175,2,0,0,28,1,0,0,175,2,0,0,28,1,0,0,175,2,0,0,28,1,0,0
Cli/commit/13,src_java_org_apache_commons_cli2_option_ArgumentImpl.json,211,37,251,40,0,1,39,2,0,0,250,39,0,2,39,2,0,0,252,41,0,0,39,2,0,0
Cli/commit/13,src_java_org_apache_commons_cli2_WriteableCommandLine.json,27,7,29,2,0,0,8,1,0,0,29,2,0,0,8,1,0,0,29,2,0,0,8,1,0,0
Closure/commit/25,src_com_google_javascript_jscomp_TypeInference.json,957,62,983,26,3,3,64,2,0,0,982,25,0,4,64,2,0,0,986,29,0,0,64,2,0,0
Closure/commit/26,src_com_google_javascript_jscomp_ProcessCommonJSModules.json,158,25,182,24,0,0,29,4,0,0,180,22,0,2,29,4,0,0,182,24,0,0,29,4,0,0
JacksonCore/commit/20,src_main_java_com_fasterxml_jackson_core_JsonGenerator.json,906,111,916,10,0,0,113,2,0,0,908,2,1,8,112,1,0,1,916,10,0,0,113,2,0,0
Cli/commit/14,src_java_org_apache_commons_cli2_option_GroupImpl.json,305,30,338,33,0,1,32,2,0,0,337,32,1,2,32,2,0,0,339,34,0,0,32,2,0,0
Cli/commit/15,src_java_org_apache_commons_cli2_commandline_WriteableCommandLineImpl.json,200,30,221,21,0,0,32,2,0,0,215,15,4,6,32,2,0,0,217,17,2,4,32,2,0,0
Jsoup/commit/11,src_main_java_org_jsoup_select_Selector.json,293,31,370,77,0,0,34,3,0,0,368,75,0,2,34,3,0,0,370,77,0,0,34,3,0,0
Closure/commit/23,src_com_google_javascript_jscomp_PeepholeFoldConstants.json,1167,42,1210,43,0,1,44,2,0,0,1210,43,2,1,44,2,0,0,1211,44,0,0,44,2,0,0
Cli/commit/16,src_java_org_apache_commons_cli2_commandline_WriteableCommandLineImpl.json,213,30,225,12,0,0,32,2,0,0,223,10,0,2,32,2,0,0,225,12,0,0,32,2,0,0
Cli/commit/16,src_java_org_apache_commons_cli2_option_GroupImpl.json,304,30,339,35,0,0,32,2,0,0,337,33,0,2,32,2,0,0,339,35,0,0,32,2,0,0
Cli/commit/16,src_java_org_apache_commons_cli2_option_OptionImpl.json,119,14,122,3,0,0,15,1,0,0,122,3,0,0,15,1,0,0,122,3,0,0,15,1,0,0
Cli/commit/16,src_java_org_apache_commons_cli2_Option.json,45,14,47,2,0,0,15,1,0,0,47,2,0,0,15,1,0,0,47,2,0,0,15,1,0,0
Closure/commit/24,src_com_google_javascript_jscomp_ScopedAliases.json,263,45,286,23,3,1,48,3,0,0,282,19,2,5,48,3,0,0,285,22,2,2,48,3,0,0
Closure/commit/32,src_com_google_javascript_jscomp_parsing_JsDocInfoParser.json,1563,87,1633,70,0,0,89,2,0,0,1630,67,0,3,89,2,0,0,1632,69,0,1,89,2,0,0
Jsoup/commit/17,src_main_java_org_jsoup_parser_TreeBuilderState.json,0,0,1587,1587,0,0,42,42,0,0,1587,1587,2,0,41,41,0,1,1587,1587,0,0,42,42,0,0
Closure/commit/30,src_com_google_javascript_jscomp_FlowSensitiveInlineVariables.json,289,32,299,10,0,0,34,2,0,0,298,9,0,1,34,2,0,0,299,10,0,0,34,2,0,0
Closure/commit/30,src_com_google_javascript_jscomp_MustBeReachingVariableDef.json,266,25,306,40,0,0,30,5,0,0,304,38,0,2,30,5,0,0,306,40,0,0,30,5,0,0
Closure/commit/132,src_com_google_javascript_jscomp_PeepholeSubstituteAlternateSyntax.json,1024,60,1168,144,0,0,62,2,0,0,1165,141,0,3,62,2,0,0,1168,144,0,0,62,2,0,0
Jsoup/commit/15,src_main_java_org_jsoup_parser_TreeBuilderState.json,0,0,1587,1587,0,0,42,42,0,0,1582,1582,1,5,42,42,0,0,1587,1587,0,0,42,42,0,0
Cli/commit/11,src_java_org_apache_commons_cli_HelpFormatter.json,432,55,458,26,0,0,57,2,0,0,455,23,3,3,57,2,0,0,457,25,3,1,57,2,0,0
Cli/commit/12,src_java_org_apache_commons_cli_GnuParser.json,0,0,43,43,0,0,2,2,0,0,43,43,0,0,2,2,0,0,43,43,0,0,2,2,0,0
Closure/commit/31,src_com_google_javascript_jscomp_Compiler.json,1691,233,1795,104,0,0,235,2,0,0,1793,102,0,2,235,2,0,0,1795,104,0,0,235,2,0,0
Jsoup/commit/14,src_main_java_org_jsoup_parser_Tokeniser.json,200,39,201,1,0,0,40,1,0,0,201,1,0,0,40,1,0,0,201,1,0,0,40,1,0,0
Jsoup/commit/14,src_main_java_org_jsoup_parser_TokeniserState.json,0,0,1723,1723,0,0,73,73,0,0,1723,1723,0,0,73,73,0,0,1723,1723,0,0,73,73,0,0
Gson/commit/8,gson_src_main_java_com_google_gson_internal_UnsafeAllocator.json,15,2,78,63,0,0,7,5,0,0,78,63,0,0,7,5,0,0,78,63,0,0,7,5,0,0
Jsoup/commit/18,src_main_java_org_jsoup_parser_CharacterReader.json,184,30,198,14,0,0,33,3,0,0,198,14,0,0,33,3,0,0,198,14,0,0,33,3,0,0
Math/commit/67,src_main_java_org_apache_commons_math_optimization_MultiStartUnivariateRealOptimizer.json,184,28,196,12,0,0,31,3,0,0,184,0,0,12,29,1,0,2,196,12,0,0,31,3,0,0
Math/commit/66,src_main_java_org_apache_commons_math_optimization_univariate_BrentOptimizer.json,0,1,147,147,3,4,5,4,0,0,145,145,15,6,4,3,1,1,138,138,9,13,4,3,1,1
JacksonDatabind/commit/107,src_main_java_com_fasterxml_jackson_databind_jsontype_impl_TypeDeserializerBase.json,155,24,189,34,0,0,26,2,0,0,189,34,0,0,26,2,0,0,189,34,0,0,26,2,0,0
JacksonDatabind/commit/108,src_main_java_com_fasterxml_jackson_databind_ObjectReader.json,1307,139,1320,13,0,0,141,2,0,0,1318,11,0,2,141,2,0,0,1320,13,0,0,141,2,0,0
JacksonDatabind/commit/109,src_main_java_com_fasterxml_jackson_databind_ser_std_NumberSerializer.json,60,5,80,20,0,0,8,3,0,0,80,20,4,0,7,2,0,1,80,20,2,0,7,2,1,1
JacksonDatabind/commit/109,src_main_java_com_fasterxml_jackson_databind_ser_std_NumberSerializers.json,185,31,208,23,0,0,34,3,0,0,208,23,0,0,34,3,0,0,208,23,0,0,34,3,0,0
Closure/commit/152,src_com_google_javascript_rhino_jstype_FunctionType.json,630,63,659,29,0,0,65,2,0,0,656,26,1,3,65,2,0,0,658,28,1,1,65,2,0,0
Closure/commit/44,src_com_google_javascript_jscomp_CodeConsumer.json,199,35,214,15,0,0,37,2,0,0,214,15,0,0,37,2,0,0,214,15,0,0,37,2,0,0
Closure/commit/151,src_com_google_javascript_jscomp_CommandLineRunner.json,143,54,186,43,0,0,57,3,0,0,184,41,0,2,57,3,0,0,186,43,0,0,57,3,0,0
JacksonDataBind/commit/3,src_main_java_com_fasterxml_jackson_databind_deser_std_StringArrayDeserializer.json,62,8,125,63,1,2,11,3,0,0,127,65,0,0,11,3,0,0,125,63,0,2,11,3,0,0
Compress/commit/30,src_main_java_org_apache_commons_compress_compressors_bzip2_BZip2CompressorInputStream.json,739,76,771,32,0,0,78,2,0,0,769,30,0,2,78,2,0,0,771,32,0,0,78,2,0,0
Compress/commit/32,src_main_java_org_apache_commons_compress_archivers_tar_TarArchiveInputStream.json,397,43,442,45,0,0,45,2,0,0,440,43,0,2,45,2,0,0,442,45,0,0,45,2,0,0
Closure/commit/150,src_com_google_javascript_jscomp_TypedScopeCreator.json,948,79,967,19,0,0,82,3,0,0,965,17,4,2,82,3,0,0,967,19,1,0,82,3,0,0
Compress/commit/31,src_main_java_org_apache_commons_compress_archivers_tar_TarUtils.json,358,25,397,39,0,0,27,2,0,0,395,37,0,2,27,2,0,0,397,39,0,0,27,2,0,0
Compress/commit/34,src_main_java_org_apache_commons_compress_archivers_zip_X7875_NewUnix.json,149,23,155,6,0,1,25,2,0,0,156,7,1,0,25,2,0,0,156,7,0,0,25,2,0,0
Closure/commit/80,src_com_google_javascript_jscomp_NodeUtil.json,2233,184,2304,71,0,0,187,3,0,0,2301,68,0,3,187,3,0,0,2304,71,0,0,187,3,0,0
Compress/commit/33,src_main_java_org_apache_commons_compress_compressors_CompressorStreamFactory.json,96,17,140,44,0,0,19,2,0,0,140,44,0,0,19,2,0,0,140,44,0,0,19,2,0,0
Compress/commit/33,src_main_java_org_apache_commons_compress_compressors_deflate_DeflateCompressorInputStream.json,54,8,56,2,0,0,9,1,0,0,56,2,0,0,9,1,0,0,56,2,0,0,9,1,0,0
Compress/commit/36,src_main_java_org_apache_commons_compress_archivers_sevenz_SevenZFile.json,846,38,862,16,0,0,40,2,0,0,860,14,0,2,40,2,0,0,862,16,0,0,40,2,0,0
Math/commit/76,src_main_java_org_apache_commons_math_linear_SingularValueDecompositionImpl.json,180,35,254,74,0,4,38,3,0,0,252,72,10,6,38,3,0,0,254,74,2,4,38,3,0,0
Math/commit/75,src_main_java_org_apache_commons_math_stat_Frequency.json,316,38,326,10,0,0,40,2,0,0,324,8,0,2,40,2,0,0,326,10,0,0,40,2,0,0
Compress/commit/35,src_main_java_org_apache_commons_compress_archivers_tar_TarUtils.json,370,25,390,20,0,1,27,2,0,0,389,19,0,2,27,2,0,0,390,20,0,1,27,2,0,0
Compress/commit/38,src_main_java_org_apache_commons_compress_archivers_tar_TarArchiveEntry.json,638,100,656,18,0,0,102,2,0,0,654,16,0,2,102,2,0,0,656,18,0,0,102,2,0,0
Math/commit/74,src_main_java_org_apache_commons_math_ode_nonstiff_EmbeddedRungeKuttaIntegrator.json,91,19,213,122,0,0,21,2,0,0,207,116,11,6,21,2,0,0,210,119,0,3,21,2,0,0
Compress/commit/37,src_main_java_org_apache_commons_compress_archivers_tar_TarArchiveInputStream.json,424,46,470,46,0,0,48,2,0,0,468,44,0,2,48,2,0,0,470,46,0,0,48,2,0,0
Math/commit/73,src_main_java_org_apache_commons_math_analysis_solvers_BrentSolver.json,153,8,189,36,0,0,10,2,0,0,187,34,0,2,10,2,0,0,189,36,0,0,10,2,0,0
Closure/commit/78,src_com_google_javascript_jscomp_PeepholeFoldConstants.json,1195,41,1264,69,0,0,43,2,0,0,1263,68,0,1,43,2,0,0,1264,69,0,0,43,2,0,0
Math/commit/72,src_main_java_org_apache_commons_math_analysis_solvers_BrentSolver.json,153,8,194,41,0,0,10,2,0,0,192,39,0,2,10,2,0,0,194,41,0,0,10,2,0,0
Closure/commit/79,src_com_google_javascript_jscomp_VarCheck.json,138,21,150,12,0,0,23,2,0,0,150,12,0,0,23,2,0,0,150,12,0,0,23,2,0,0
Closure/commit/79,src_com_google_javascript_jscomp_Normalize.json,491,48,511,20,0,0,50,2,0,0,510,19,0,1,50,2,0,0,511,20,0,0,50,2,0,0
Compress/commit/39,src_main_java_org_apache_commons_compress_utils_ArchiveUtils.json,170,13,194,24,0,0,15,2,0,0,192,22,0,2,15,2,0,0,194,24,0,0,15,2,0,0
Math/commit/71,src_main_java_org_apache_commons_math_ode_nonstiff_EmbeddedRungeKuttaIntegrator.json,91,19,217,126,0,0,21,2,0,0,214,123,0,3,21,2,0,0,215,124,0,2,21,2,0,0
Math/commit/71,src_main_java_org_apache_commons_math_ode_nonstiff_RungeKuttaIntegrator.json,15,6,109,94,0,0,8,2,0,0,109,94,0,0,8,2,0,0,107,92,0,2,8,2,0,0
JacksonDatabind/commit/103,src_main_java_com_fasterxml_jackson_databind_deser_BasicDeserializerFactory.json,1539,69,1593,54,0,0,71,2,0,0,1589,50,1,4,71,2,0,0,1592,53,1,1,71,2,0,0
JacksonDatabind/commit/103,src_main_java_com_fasterxml_jackson_databind_util_ClassUtil.json,1022,94,1025,3,0,0,95,1,0,0,1022,0,0,3,95,1,0,0,1025,3,0,0,95,1,0,0
JacksonDatabind/commit/103,src_main_java_com_fasterxml_jackson_databind_ser_DefaultSerializerProvider.json,402,33,440,38,0,0,36,3,0,0,435,33,2,5,36,3,0,0,437,35,1,3,36,3,0,0
JacksonDatabind/commit/103,src_main_java_com_fasterxml_jackson_databind_ser_PropertyBuilder.json,97,14,214,117,0,0,16,2,0,0,210,113,2,4,16,2,0,0,212,115,2,2,16,2,0,0
JacksonDatabind/commit/103,src_main_java_com_fasterxml_jackson_databind_JsonMappingException.json,348,52,388,40,0,0,55,3,0,0,384,36,2,4,55,3,0,0,383,35,1,5,55,3,0,0
JacksonDatabind/commit/103,src_main_java_com_fasterxml_jackson_databind_deser_SettableBeanProperty.json,591,88,630,39,0,0,91,3,0,0,625,34,2,5,91,3,0,0,626,35,2,4,91,3,0,0
JacksonDatabind/commit/103,src_main_java_com_fasterxml_jackson_databind_deser_DeserializerCache.json,328,22,360,32,0,0,24,2,0,0,356,28,1,4,24,2,0,0,359,31,1,1,24,2,0,0
JacksonDatabind/commit/103,src_main_java_com_fasterxml_jackson_databind_deser_std_StdDeserializer.json,954,66,974,20,0,0,68,2,0,0,970,16,1,4,68,2,0,0,973,19,1,1,68,2,0,0
JacksonDatabind/commit/103,src_main_java_com_fasterxml_jackson_databind_deser_SettableAnyProperty.json,155,27,186,31,0,0,29,2,0,0,184,29,2,2,29,2,0,0,182,27,2,4,29,2,0,0
JacksonDatabind/commit/103,src_main_java_com_fasterxml_jackson_databind_SerializerProvider.json,795,84,837,42,0,0,87,3,0,0,832,37,2,5,87,3,0,0,831,36,0,6,87,3,0,0
JacksonDatabind/commit/103,src_main_java_com_fasterxml_jackson_databind_introspect_BasicBeanDescription.json,526,53,554,28,0,0,55,2,0,0,551,25,1,3,55,2,0,0,552,26,0,2,55,2,0,0
JacksonDatabind/commit/103,src_main_java_com_fasterxml_jackson_databind_deser_BeanDeserializerFactory.json,514,24,606,92,0,0,27,3,0,0,602,88,2,4,27,3,0,0,602,88,0,4,27,3,0,0
JacksonDatabind/commit/103,src_main_java_com_fasterxml_jackson_databind_DeserializationContext.json,1039,106,1076,37,0,0,109,3,0,0,1071,32,2,5,109,3,0,0,1074,35,2,2,109,3,0,0
JacksonDatabind/commit/103,src_main_java_com_fasterxml_jackson_databind_deser_std_StdValueInstantiator.json,436,62,453,17,0,0,64,2,0,0,450,14,1,3,64,2,0,0,451,15,0,2,64,2,0,0
JacksonDatabind/commit/103,src_main_java_com_fasterxml_jackson_databind_deser_std_StdKeyDeserializer.json,358,62,397,39,0,0,65,3,0,0,393,35,2,4,65,3,0,0,394,36,1,3,65,3,0,0
JacksonDatabind/commit/103,src_main_java_com_fasterxml_jackson_databind_DatabindContext.json,204,25,235,31,0,0,27,2,0,0,231,27,1,4,27,2,0,0,233,29,0,2,27,2,0,0
Math/commit/70,src_main_java_org_apache_commons_math_analysis_solvers_BisectionSolver.json,63,5,76,13,0,0,7,2,0,0,76,13,0,0,7,2,0,0,76,13,0,0,7,2,0,0
Closure/commit/87,src_com_google_javascript_jscomp_PeepholeSubstituteAlternateSyntax.json,672,32,686,14,0,0,34,2,0,0,675,3,2,11,33,1,0,1,686,14,0,0,34,2,0,0
JacksonDatabind/commit/104,src_main_java_com_fasterxml_jackson_databind_util_StdDateFormat.json,470,57,544,74,0,0,60,3,0,0,542,72,0,2,60,3,0,0,544,74,0,0,60,3,0,0
Closure/commit/85,src_com_google_javascript_jscomp_UnreachableCodeElimination.json,85,11,125,40,0,0,14,3,0,0,125,40,0,0,14,3,0,0,125,40,0,0,14,3,0,0
JacksonDatabind/commit/105,src_main_java_com_fasterxml_jackson_databind_deser_std_JdkDeserializers.json,0,1,36,36,0,0,3,2,0,0,36,36,0,0,3,2,0,0,36,36,0,0,3,2,0,0
JacksonDatabind/commit/106,src_main_java_com_fasterxml_jackson_databind_node_TreeTraversingParser.json,328,37,346,18,0,0,40,3,0,0,344,16,0,2,40,3,0,0,346,18,0,0,40,3,0,0
Closure/commit/86,src_com_google_javascript_jscomp_NodeUtil.json,1866,153,1912,46,4,4,155,2,0,0,1913,47,0,3,155,2,0,0,1916,50,0,0,155,2,0,0
Closure/commit/83,src_com_google_javascript_jscomp_CommandLineRunner.json,160,56,194,34,0,0,60,4,0,0,190,30,2,4,60,4,0,0,193,33,0,1,60,4,0,0
Closure/commit/84,src_com_google_javascript_jscomp_parsing_IRFactory.json,1027,77,1055,28,0,0,81,4,0,0,1051,24,0,4,81,4,0,0,1055,28,0,0,81,4,0,0
JacksonDatabind/commit/100,src_main_java_com_fasterxml_jackson_databind_node_TreeTraversingParser.json,334,38,350,16,0,0,40,2,0,0,342,8,1,8,39,1,0,1,349,15,0,1,40,2,0,0
Closure/commit/81,src_com_google_javascript_jscomp_parsing_IRFactory.json,1063,82,1104,41,0,0,85,3,0,0,1100,37,0,4,85,3,0,0,1104,41,0,0,85,3,0,0
JacksonDatabind/commit/101,src_main_java_com_fasterxml_jackson_databind_deser_BeanDeserializer.json,755,39,832,77,0,0,41,2,0,0,830,75,0,2,41,2,0,0,832,77,0,0,41,2,0,0
Math/commit/69,src_main_java_org_apache_commons_math_stat_correlation_PearsonsCorrelation.json,118,14,139,21,0,5,16,2,0,0,141,23,1,3,16,2,0,0,140,22,1,4,16,2,0,0
Closure/commit/82,src_com_google_javascript_rhino_jstype_JSType.json,650,102,659,9,0,0,104,2,0,0,656,6,0,3,104,2,0,0,659,9,0,0,104,2,0,0
JacksonDatabind/commit/102,src_main_java_com_fasterxml_jackson_databind_ser_std_DateTimeSerializerBase.json,101,13,160,59,0,0,15,2,0,0,160,59,0,0,15,2,0,0,160,59,0,0,15,2,0,0
Math/commit/68,src_main_java_org_apache_commons_math_optimization_general_LevenbergMarquardtOptimizer.json,297,20,466,169,2,1,23,3,0,0,463,166,0,4,23,3,0,0,467,170,0,0,23,3,0,0
Closure/commit/159,src_com_google_javascript_jscomp_InlineFunctions.json,827,122,844,17,0,0,124,2,0,0,838,11,10,6,124,2,0,0,839,12,7,5,124,2,0,0
Closure/commit/156,src_com_google_javascript_jscomp_CollapseProperties.json,372,26,492,120,0,0,32,6,0,0,491,119,0,1,32,6,0,0,489,117,0,3,32,6,0,0
Closure/commit/155,src_com_google_javascript_jscomp_Scope.json,315,59,317,2,0,0,60,1,0,0,315,0,0,2,60,1,0,0,317,2,0,0,60,1,0,0
Closure/commit/155,src_com_google_javascript_jscomp_InlineVariables.json,345,35,426,81,0,0,39,4,0,0,423,78,0,3,39,4,0,0,424,79,0,2,39,4,0,0
Closure/commit/155,src_com_google_javascript_jscomp_ReferenceCollectingCallback.json,373,65,392,19,0,0,67,2,0,0,389,16,2,3,67,2,0,0,391,18,0,1,67,2,0,0
Closure/commit/55,src_com_google_javascript_jscomp_FunctionRewriter.json,323,53,332,9,0,0,55,2,0,0,325,2,0,7,54,1,0,1,332,9,0,0,55,2,0,0
Chart/commit/26,source_org_jfree_chart_axis_Axis.json,567,98,650,83,0,0,100,2,0,0,647,80,0,3,100,2,0,0,650,83,0,0,100,2,0,0
Closure/commit/164,src_com_google_javascript_rhino_jstype_ArrowType.json,141,17,180,39,0,0,19,2,0,0,180,39,0,0,19,2,0,0,180,39,0,0,19,2,0,0
Closure/commit/161,src_com_google_javascript_jscomp_PeepholeFoldConstants.json,1049,36,1087,38,0,0,38,2,0,0,1086,37,0,1,38,2,0,0,1087,38,0,0,38,2,0,0
Compress/commit/23,src_main_java_org_apache_commons_compress_archivers_sevenz_Coders.json,240,32,259,19,0,4,35,3,0,0,262,22,0,1,35,3,0,0,263,23,0,0,35,3,0,0
Compress/commit/22,src_main_java_org_apache_commons_compress_compressors_bzip2_BZip2CompressorInputStream.json,657,71,771,114,0,0,78,7,0,0,769,112,0,2,78,7,0,0,771,114,0,0,78,7,0,0
Compress/commit/25,src_main_java_org_apache_commons_compress_archivers_zip_ZipArchiveInputStream.json,674,72,687,13,0,0,74,2,0,0,685,11,0,2,74,2,0,0,687,13,0,0,74,2,0,0
Closure/commit/49,src_com_google_javascript_jscomp_MakeDeclaredNamesUnique.json,343,62,416,73,4,5,66,4,0,0,420,77,5,1,66,4,0,0,420,77,2,1,66,4,0,0
Compress/commit/24,src_main_java_org_apache_commons_compress_archivers_tar_TarUtils.json,359,25,401,42,0,0,27,2,0,0,397,38,1,4,27,2,0,0,398,39,1,3,27,2,0,0
Closure/commit/47,src_com_google_javascript_jscomp_SourceMap.json,114,22,131,17,0,0,24,2,0,0,131,17,0,0,24,2,0,0,131,17,0,0,24,2,0,0
Closure/commit/47,src_com_google_debugging_sourcemap_SourceMapConsumerV3.json,532,76,550,18,0,0,78,2,0,0,548,16,0,2,78,2,0,0,550,18,0,0,78,2,0,0
Compress/commit/27,src_main_java_org_apache_commons_compress_archivers_tar_TarUtils.json,359,25,398,39,0,0,27,2,0,0,396,37,0,2,27,2,0,0,398,39,0,0,27,2,0,0
Compress/commit/26,src_main_java_org_apache_commons_compress_utils_IOUtils.json,82,9,102,20,0,0,11,2,0,0,102,20,0,0,11,2,0,0,102,20,0,0,11,2,0,0
Closure/commit/48,src_com_google_javascript_jscomp_TypedScopeCreator.json,1123,100,1196,73,1,2,103,3,0,0,1191,68,1,7,103,3,0,0,1196,73,2,2,103,3,0,0
Compress/commit/29,src_main_java_org_apache_commons_compress_archivers_dump_DumpArchiveInputStream.json,292,30,319,27,0,0,32,2,0,0,317,25,0,2,32,2,0,0,319,27,0,0,32,2,0,0
Compress/commit/29,src_main_java_org_apache_commons_compress_archivers_tar_TarArchiveInputStream.json,423,42,437,14,0,0,44,2,0,0,435,12,0,2,44,2,0,0,437,14,0,0,44,2,0,0
Compress/commit/29,src_main_java_org_apache_commons_compress_archivers_ArchiveStreamFactory.json,88,15,211,123,0,0,18,3,0,0,207,119,2,4,18,3,0,0,209,121,2,2,18,3,0,0
Compress/commit/29,src_main_java_org_apache_commons_compress_archivers_cpio_CpioArchiveInputStream.json,361,33,372,11,0,0,35,2,0,0,370,9,0,2,35,2,0,0,372,11,0,0,35,2,0,0
Compress/commit/29,src_main_java_org_apache_commons_compress_archivers_tar_TarArchiveOutputStream.json,427,58,443,16,0,0,60,2,0,0,441,14,0,2,60,2,0,0,443,16,0,0,60,2,0,0
Compress/commit/29,src_main_java_org_apache_commons_compress_archivers_cpio_CpioArchiveOutputStream.json,346,30,367,21,0,0,32,2,0,0,365,19,0,2,32,2,0,0,367,21,0,0,32,2,0,0
Compress/commit/29,src_main_java_org_apache_commons_compress_archivers_zip_ZipArchiveInputStream.json,674,72,688,14,0,0,74,2,0,0,686,12,0,2,74,2,0,0,688,14,0,0,74,2,0,0
Closure/commit/45,src_com_google_javascript_jscomp_RemoveUnusedVars.json,524,55,576,52,0,2,59,4,0,0,576,52,4,2,59,4,0,0,575,51,1,3,59,4,0,0
Closure/commit/46,src_com_google_javascript_rhino_jstype_RecordType.json,156,12,157,1,0,0,13,1,0,0,157,1,0,0,13,1,0,0,157,1,0,0,13,1,0,0
Compress/commit/28,src_main_java_org_apache_commons_compress_archivers_tar_TarArchiveInputStream.json,392,40,419,27,0,0,42,2,0,0,417,25,0,2,42,2,0,0,419,27,0,0,42,2,0,0
Closure/commit/54,src_com_google_javascript_jscomp_TypedScopeCreator.json,1037,90,1104,67,0,0,93,3,0,0,1099,62,0,5,93,3,0,0,1104,67,0,0,93,3,0,0
Closure/commit/54,src_com_google_javascript_rhino_jstype_FunctionType.json,708,70,752,44,0,0,73,3,0,0,749,41,1,3,73,3,0,0,751,43,1,1,73,3,0,0
Closure/commit/52,src_com_google_javascript_jscomp_CodeGenerator.json,921,38,936,15,0,0,40,2,0,0,935,14,0,1,40,2,0,0,936,15,0,0,40,2,0,0
Closure/commit/154,src_com_google_javascript_jscomp_TypeValidator.json,462,52,480,18,0,0,55,3,0,0,479,17,2,1,54,2,0,1,480,18,0,0,55,3,0,0
Closure/commit/154,src_com_google_javascript_jscomp_TypeCheck.json,1029,82,1081,52,0,0,85,3,0,1,1079,50,2,2,84,2,0,2,1081,52,2,0,84,2,0,2
Closure/commit/53,src_com_google_javascript_jscomp_InlineObjectLiterals.json,205,15,250,45,0,0,18,3,0,0,247,42,0,3,18,3,0,0,250,45,0,0,18,3,0,0
Closure/commit/50,src_com_google_javascript_jscomp_PeepholeReplaceKnownMethods.json,381,14,473,92,0,0,16,2,0,0,472,91,0,1,16,2,0,0,473,92,0,0,16,2,0,0
Closure/commit/51,src_com_google_javascript_jscomp_CodeConsumer.json,180,34,209,29,0,0,36,2,0,0,209,29,0,0,36,2,0,0,209,29,0,0,36,2,0,0
Math/commit/45,src_main_java_org_apache_commons_math_linear_OpenMapRealMatrix.json,190,19,201,11,0,0,21,2,0,0,199,9,0,2,21,2,0,0,201,11,0,0,21,2,0,0
Math/commit/44,src_main_java_org_apache_commons_math_ode_AbstractIntegrator.json,174,33,243,69,0,0,35,2,0,0,240,66,0,3,35,2,0,0,243,69,0,0,35,2,0,0
JacksonDatabind/commit/8,src_main_java_com_fasterxml_jackson_databind_deser_impl_CreatorCollector.json,256,49,282,26,2,1,51,2,0,0,281,25,0,2,51,2,0,0,283,27,0,0,51,2,0,0
Closure/commit/66,src_com_google_javascript_jscomp_TypeCheck.json,865,87,1146,281,0,0,89,2,0,0,1103,238,0,43,89,2,0,0,1146,281,0,0,89,2,0,0
Closure/commit/173,src_com_google_javascript_jscomp_CodeGenerator.json,513,42,1012,499,0,0,44,2,0,0,1008,495,2,4,44,2,0,0,1009,496,3,3,44,2,0,0
Closure/commit/173,src_com_google_javascript_jscomp_PeepholeSubstituteAlternateSyntax.json,410,25,446,36,0,0,27,2,0,0,444,34,1,2,27,2,0,0,446,36,0,0,27,2,0,0
Closure/commit/175,src_com_google_javascript_jscomp_FunctionInjector.json,446,40,500,54,1,0,43,3,0,0,499,53,26,1,43,3,0,0,498,52,1,2,43,3,0,0
Closure/commit/170,src_com_google_javascript_jscomp_FlowSensitiveInlineVariables.json,298,32,320,22,1,1,36,4,0,0,319,21,1,2,36,4,0,0,320,22,1,1,36,4,0,0
Closure/commit/172,src_com_google_javascript_jscomp_TypedScopeCreator.json,1309,106,1350,41,0,0,109,3,0,0,1344,35,1,6,109,3,0,0,1349,40,1,1,109,3,0,0
Compress/commit/10,src_main_java_org_apache_commons_compress_archivers_zip_ZipFile.json,455,65,496,41,1,0,67,2,0,0,492,37,4,4,67,2,0,0,494,39,5,2,67,2,0,0
Closure/commit/171,src_com_google_javascript_jscomp_TypeInference.json,1087,73,1128,41,0,0,75,2,0,0,1127,40,3,1,75,2,0,0,1128,41,3,0,75,2,0,0
Closure/commit/171,src_com_google_javascript_jscomp_TypedScopeCreator.json,1308,106,1346,38,0,0,109,3,0,0,1341,33,0,5,109,3,0,0,1346,38,0,0,109,3,0,0
Compress/commit/12,src_main_java_org_apache_commons_compress_archivers_tar_TarArchiveInputStream.json,303,30,356,53,0,0,32,2,0,0,354,51,0,2,32,2,0,0,356,53,0,0,32,2,0,0
Compress/commit/11,src_main_java_org_apache_commons_compress_archivers_ArchiveStreamFactory.json,61,8,116,55,0,0,10,2,0,0,116,55,0,0,10,2,0,0,116,55,0,0,10,2,0,0
Compress/commit/14,src_main_java_org_apache_commons_compress_archivers_tar_TarUtils.json,180,13,225,45,0,0,15,2,0,0,222,42,3,3,15,2,0,0,225,45,0,0,15,2,0,0
Math/commit/54,src_main_java_org_apache_commons_math_dfp_Dfp.json,1488,86,1599,111,1,2,89,3,0,0,1599,111,0,2,89,3,0,0,1601,113,0,0,89,3,0,0
Compress/commit/13,src_main_java_org_apache_commons_compress_archivers_zip_ZipArchiveEntry.json,386,56,394,8,0,0,58,2,0,0,388,2,0,6,57,1,0,1,394,8,0,0,58,2,0,0
Math/commit/53,src_main_java_org_apache_commons_math_complex_Complex.json,342,44,352,10,0,0,46,2,0,0,350,8,0,2,46,2,0,0,352,10,0,0,46,2,0,0
Chart/commit/25,source_org_jfree_chart_renderer_category_StatisticalBarRenderer.json,93,12,291,198,0,0,15,3,0,0,283,190,10,8,15,3,0,0,285,192,8,6,15,3,0,0
Math/commit/52,src_main_java_org_apache_commons_math_geometry_euclidean_threed_Rotation.json,410,26,473,63,0,0,28,2,0,0,471,61,0,2,28,2,0,0,473,63,0,0,28,2,0,0
Compress/commit/16,src_main_java_org_apache_commons_compress_archivers_ArchiveStreamFactory.json,61,8,117,56,0,2,10,2,0,0,119,58,0,0,10,2,0,0,119,58,0,0,10,2,0,0
Chart/commit/24,source_org_jfree_chart_renderer_GrayPaintScale.json,49,8,61,12,0,0,10,2,0,0,61,12,0,0,10,2,0,0,61,12,0,0,10,2,0,0
Compress/commit/15,src_main_java_org_apache_commons_compress_archivers_zip_ZipArchiveEntry.json,361,56,396,35,0,0,58,2,0,0,392,31,2,4,58,2,0,0,391,30,1,5,58,2,0,0
Math/commit/51,src_main_java_org_apache_commons_math_analysis_solvers_BaseSecantSolver.json,60,9,148,88,0,0,11,2,0,0,147,87,1,1,11,2,0,0,148,88,0,0,11,2,0,0
Chart/commit/23,source_org_jfree_chart_renderer_category_MinMaxCategoryRenderer.json,272,34,274,2,0,0,35,1,0,0,272,0,0,2,35,1,0,0,274,2,0,0,35,1,0,0
Compress/commit/18,src_main_java_org_apache_commons_compress_archivers_tar_TarArchiveOutputStream.json,321,48,353,32,0,0,50,2,0,0,351,30,0,2,50,2,0,0,353,32,0,0,50,2,0,0
Math/commit/50,src_main_java_org_apache_commons_math_analysis_solvers_BaseSecantSolver.json,60,9,151,91,0,0,11,2,0,0,151,91,0,0,11,2,0,0,151,91,0,0,11,2,0,0
Chart/commit/22,source_org_jfree_data_KeyedObjects2D.json,183,21,256,73,0,0,26,5,0,0,249,66,2,7,26,5,0,0,252,69,3,4,26,5,0,0
Compress/commit/17,src_main_java_org_apache_commons_compress_archivers_tar_TarUtils.json,359,25,404,45,0,0,27,2,0,0,402,43,0,2,27,2,0,0,404,45,0,0,27,2,0,0
JacksonDatabind/commit/4,src_main_java_com_fasterxml_jackson_databind_deser_std_StringArrayDeserializer.json,62,8,127,65,0,0,11,3,0,0,127,65,0,0,11,3,0,0,127,65,0,0,11,3,0,0
Compress/commit/19,src_main_java_org_apache_commons_compress_archivers_zip_Zip64ExtendedInformationExtraField.json,174,25,209,35,0,0,27,2,0,0,207,33,0,2,27,2,0,0,209,35,0,0,27,2,0,0
JacksonDatabind/commit/5,src_main_java_com_fasterxml_jackson_databind_introspect_AnnotatedClass.json,721,64,748,27,0,0,66,2,0,0,741,20,4,7,66,2,0,0,744,23,4,4,66,2,0,0
JacksonDatabind/commit/7,src_main_java_com_fasterxml_jackson_databind_util_TokenBuffer.json,1582,162,1597,15,0,0,164,2,0,0,1591,9,2,6,163,1,0,1,1595,13,2,2,164,2,0,0
Math/commit/49,src_main_java_org_apache_commons_math_linear_OpenMapRealVector.json,710,75,766,56,0,0,80,5,0,0,764,54,0,2,80,5,0,0,762,52,4,4,80,5,0,0
JacksonDatabind/commit/1,src_main_java_com_fasterxml_jackson_databind_ser_BeanPropertyWriter.json,405,56,452,47,0,0,58,2,0,0,450,45,0,2,58,2,0,0,452,47,0,0,58,2,0,0
Math/commit/48,src_main_java_org_apache_commons_math_analysis_solvers_BaseSecantSolver.json,60,9,151,91,0,0,11,2,0,0,151,91,0,0,11,2,0,0,151,91,0,0,11,2,0,0
JacksonDatabind/commit/2,src_main_java_com_fasterxml_jackson_databind_util_TokenBuffer.json,1555,161,1578,23,0,0,164,3,0,0,1567,12,2,11,162,1,0,2,1575,20,2,3,164,3,0,0
Math/commit/47,src_main_java_org_apache_commons_math_complex_Complex.json,365,49,420,55,0,0,53,4,0,0,418,53,0,2,53,4,0,0,415,50,0,5,53,4,0,0
Mockito/commit/19,src_org_mockito_internal_configuration_injection_filter_NameBasedCandidateFilter.json,5,3,24,19,0,0,5,2,0,0,24,19,0,0,5,2,0,0,24,19,0,0,5,2,0,0
Mockito/commit/19,src_org_mockito_internal_configuration_injection_filter_FinalMockCandidateFilter.json,17,2,31,14,0,0,4,2,0,0,31,14,0,0,4,2,0,0,31,14,0,0,4,2,0,0
Mockito/commit/19,src_org_mockito_internal_configuration_injection_PropertyAndSetterInjection.json,59,7,79,20,0,0,9,2,0,0,79,20,0,0,9,2,0,0,79,20,0,0,9,2,0,0
Mockito/commit/19,src_org_mockito_internal_configuration_injection_filter_MockCandidateFilter.json,0,0,7,7,0,1,2,2,0,0,8,8,0,0,2,2,0,0,8,8,0,0,2,2,0,0
Mockito/commit/19,src_org_mockito_internal_configuration_injection_filter_TypeBasedCandidateFilter.json,5,2,21,16,0,0,4,2,0,0,21,16,0,0,4,2,0,0,21,16,0,0,4,2,0,0
Math/commit/46,src_main_java_org_apache_commons_math_complex_Complex.json,375,51,421,46,0,0,54,3,0,0,419,44,0,2,54,3,0,0,416,41,0,5,54,3,0,0
Math/commit/78,src_main_java_org_apache_commons_math_ode_events_EventState.json,106,24,165,59,0,0,26,2,0,0,163,57,0,2,26,2,0,0,165,59,0,0,26,2,0,0
Mockito/commit/17,src_org_mockito_internal_util_MockUtil.json,64,9,89,25,0,0,11,2,0,0,89,25,0,0,11,2,0,0,89,25,0,0,11,2,0,0
Mockito/commit/17,src_org_mockito_internal_creation_MockSettingsImpl.json,66,15,76,10,0,3,18,3,0,0,77,11,3,2,18,3,0,0,69,3,0,10,16,1,0,2
Mockito/commit/18,src_org_mockito_internal_stubbing_defaultanswers_ReturnsEmptyValues.json,19,4,71,52,0,0,6,2,0,0,71,52,0,0,6,2,0,0,70,51,2,1,6,2,0,0
Math/commit/77,src_main_java_org_apache_commons_math_linear_ArrayRealVector.json,979,106,992,13,0,0,108,2,0,0,990,11,0,2,108,2,0,0,992,13,0,0,108,2,0,0
Math/commit/77,src_main_java_org_apache_commons_math_linear_OpenMapRealVector.json,768,79,770,2,0,0,80,1,0,0,768,0,0,2,80,1,0,0,770,2,0,0,80,1,0,0
Mockito/commit/15,src_org_mockito_internal_configuration_injection_FinalMockCandidateFilter.json,5,1,29,24,0,0,4,3,0,0,28,23,1,1,4,3,0,0,28,23,1,1,4,3,0,0
Mockito/commit/16,src_org_mockito_Mockito.json,197,32,217,20,0,0,35,3,0,0,215,18,0,2,35,3,0,0,217,20,0,0,35,3,0,0
Mockito/commit/16,src_org_mockito_internal_MockitoCore.json,125,15,139,14,0,0,17,2,0,0,132,7,7,7,16,1,1,1,132,7,7,7,16,1,1,1
Mockito/commit/13,src_org_mockito_internal_MockHandler.json,39,12,75,36,0,0,14,2,0,0,75,36,0,0,14,2,0,0,75,36,0,0,14,2,0,0
Mockito/commit/14,src_org_mockito_internal_MockHandler.json,39,12,72,33,0,0,14,2,0,0,71,32,1,1,14,2,0,0,71,32,1,1,14,2,0,0
Mockito/commit/14,src_org_mockito_internal_MockitoCore.json,131,16,150,19,0,0,18,2,0,0,150,19,0,0,18,2,0,0,149,18,0,1,18,2,0,0
Mockito/commit/11,src_org_mockito_internal_creation_DelegatingMethod.json,41,9,56,15,0,0,12,3,0,0,55,14,1,1,12,3,0,0,50,9,1,6,11,2,0,1
Mockito/commit/12,src_org_mockito_internal_util_reflection_GenericMaster.json,0,0,14,14,0,0,2,2,0,0,14,14,0,0,2,2,0,0,14,14,0,0,2,2,0,0
Mockito/commit/20,src_org_mockito_internal_creation_bytebuddy_ByteBuddyMockMaker.json,67,10,94,27,0,0,12,2,0,0,94,27,0,0,12,2,0,0,94,27,0,0,12,2,0,0
Closure/commit/77,src_com_google_javascript_jscomp_CodeGenerator.json,814,34,884,70,0,0,36,2,0,0,883,69,0,1,36,2,0,0,884,70,0,0,36,2,0,0
Compress/commit/41,src_main_java_org_apache_commons_compress_archivers_zip_ZipArchiveInputStream.json,617,74,703,86,0,0,76,2,0,0,701,84,0,2,76,2,0,0,703,86,0,0,76,2,0,0
Compress/commit/40,src_main_java_org_apache_commons_compress_utils_BitInputStream.json,20,9,57,37,1,1,11,2,0,0,58,38,0,0,11,2,0,0,58,38,0,0,11,2,0,0
Compress/commit/43,src_main_java_org_apache_commons_compress_archivers_zip_ZipArchiveOutputStream.json,785,144,894,109,0,0,149,5,0,0,892,107,0,2,149,5,0,0,893,108,0,1,149,5,0,0
Compress/commit/42,src_main_java_org_apache_commons_compress_archivers_zip_UnixStat.json,0,7,2,2,0,0,8,1,0,0,2,2,0,0,8,1,0,0,2,2,0,0,8,1,0,0
Compress/commit/42,src_main_java_org_apache_commons_compress_archivers_zip_ZipArchiveEntry.json,499,77,507,8,0,0,79,2,0,0,505,6,0,2,79,2,0,0,507,8,0,0,79,2,0,0
Math/commit/87,src_java_org_apache_commons_math_optimization_linear_SimplexTableau.json,299,39,316,17,0,0,41,2,0,0,312,13,3,4,41,2,0,0,313,14,3,3,41,2,0,0
Math/commit/86,src_java_org_apache_commons_math_linear_CholeskyDecompositionImpl.json,169,19,215,46,0,0,21,2,0,0,212,43,0,3,21,2,0,0,215,46,0,0,21,2,0,0
Closure/commit/69,src_com_google_javascript_jscomp_TypeCheck.json,1111,87,1143,32,0,0,89,2,0,0,1141,30,0,2,89,2,0,0,1143,32,0,0,89,2,0,0
Math/commit/85,src_java_org_apache_commons_math_analysis_solvers_UnivariateRealSolverUtils.json,63,8,103,40,0,0,10,2,0,0,103,40,0,0,10,2,0,0,103,40,0,0,10,2,0,0
Math/commit/84,src_main_java_org_apache_commons_math_optimization_direct_MultiDirectional.json,35,5,64,29,0,0,7,2,0,0,64,29,0,0,7,2,0,0,64,29,0,0,7,2,0,0
Closure/commit/67,src_com_google_javascript_jscomp_AnalyzePrototypeProperties.json,437,83,457,20,0,0,86,3,0,0,454,17,0,3,86,3,0,0,457,20,0,0,86,3,0,0
Math/commit/83,src_main_java_org_apache_commons_math_optimization_linear_SimplexTableau.json,299,41,338,39,0,0,44,3,0,0,337,38,0,1,44,3,0,0,338,39,0,0,44,3,0,0
Closure/commit/68,src_com_google_javascript_jscomp_parsing_JsDocInfoParser.json,967,83,1599,632,0,0,87,4,0,0,1592,625,0,7,87,4,0,0,1599,632,0,0,87,4,0,0
Math/commit/82,src_main_java_org_apache_commons_math_optimization_linear_SimplexSolver.json,99,10,122,23,0,0,12,2,0,0,122,23,0,0,12,2,0,0,122,23,0,0,12,2,0,0
Math/commit/81,src_main_java_org_apache_commons_math_linear_EigenDecompositionImpl.json,918,74,1246,328,0,0,78,4,0,0,1237,319,0,9,78,4,0,0,1246,328,0,0,78,4,0,0
Closure/commit/76,src_com_google_javascript_jscomp_DeadAssignmentsElimination.json,192,13,251,59,0,3,16,3,0,0,247,55,4,7,16,3,0,0,250,58,4,4,16,3,0,0
Math/commit/80,src_main_java_org_apache_commons_math_linear_EigenDecompositionImpl.json,1223,76,1247,24,0,0,78,2,0,0,1243,20,4,4,78,2,0,0,1244,21,2,3,78,2,0,0
Closure/commit/74,src_com_google_javascript_jscomp_PeepholeFoldConstants.json,1173,42,1324,151,0,2,44,2,0,0,1323,150,0,3,44,2,0,0,1320,147,0,6,44,2,0,0
Closure/commit/75,src_com_google_javascript_jscomp_NodeUtil.json,2255,184,2303,48,3,3,187,3,0,0,2303,48,0,3,187,3,0,0,2306,51,0,0,187,3,0,0
Closure/commit/72,src_com_google_javascript_jscomp_FunctionToBlockMutator.json,239,18,248,9,0,0,20,2,0,0,247,8,0,1,20,2,0,0,248,9,0,0,20,2,0,0
Closure/commit/72,src_com_google_javascript_jscomp_RenameLabels.json,120,25,150,30,0,0,28,3,0,0,150,30,0,0,28,3,0,0,149,29,0,1,28,3,0,0
Closure/commit/73,src_com_google_javascript_jscomp_CodeGenerator.json,851,36,925,74,0,0,38,2,0,0,924,73,0,1,38,2,0,0,925,74,0,0,38,2,0,0
Closure/commit/70,src_com_google_javascript_jscomp_TypedScopeCreator.json,1137,91,1165,28,0,0,94,3,0,0,1163,26,0,2,94,3,0,0,1165,28,0,0,94,3,0,0
Math/commit/79,src_main_java_org_apache_commons_math_util_MathUtils.json,957,72,975,18,0,0,74,2,0,0,972,15,0,3,74,2,0,0,975,18,0,0,74,2,0,0
Closure/commit/71,src_com_google_javascript_jscomp_CheckAccessControls.json,335,39,389,54,0,0,41,2,0,0,388,53,3,1,41,2,0,0,389,54,0,0,41,2,0,0
Lang/commit/36,src_java_org_apache_commons_lang3_math_NumberUtils.json,625,63,829,204,0,0,66,3,0,0,827,202,0,2,66,3,0,0,829,204,0,0,66,3,0,0
Lang/commit/35,src_main_java_org_apache_commons_lang3_ArrayUtils.json,2435,193,2475,40,0,0,196,3,0,0,2473,38,2,2,196,3,0,0,2473,38,0,2,196,3,0,0
Lang/commit/34,src_main_java_org_apache_commons_lang3_builder_ToStringStyle.json,1222,156,1239,17,0,0,159,3,0,0,1236,14,0,3,159,3,0,0,1239,17,0,0,159,3,0,0
Lang/commit/33,src_main_java_org_apache_commons_lang3_ClassUtils.json,540,43,586,46,0,0,45,2,0,0,584,44,0,2,45,2,0,0,586,46,0,0,45,2,0,0
Lang/commit/43,src_java_org_apache_commons_lang_text_ExtendedMessageFormat.json,276,27,307,31,0,0,29,2,0,0,305,29,0,2,29,2,0,0,307,31,0,0,29,2,0,0
Time/commit/10,src_main_java_org_joda_time_base_BaseSingleFieldPeriod.json,150,19,178,28,0,0,21,2,0,0,178,28,0,0,21,2,0,0,178,28,0,0,21,2,0,0
Lang/commit/41,src_java_org_apache_commons_lang_ClassUtils.json,505,42,568,63,0,0,45,3,0,0,558,53,0,10,44,2,0,1,563,58,0,5,45,3,0,0
Lang/commit/40,src_java_org_apache_commons_lang_StringUtils.json,2515,152,2527,12,0,0,154,2,0,0,2525,10,5,2,154,2,0,0,2527,12,5,0,154,2,0,0
Lang/commit/39,src_java_org_apache_commons_lang3_StringUtils.json,2484,153,2571,87,0,0,155,2,0,0,2569,85,0,2,155,2,0,0,2571,87,0,0,155,2,0,0
Lang/commit/38,src_java_org_apache_commons_lang3_time_FastDateFormat.json,1082,160,1095,13,0,0,162,2,0,0,1093,11,0,2,162,2,0,0,1095,13,0,0,162,2,0,0
Lang/commit/37,src_java_org_apache_commons_lang3_ArrayUtils.json,2433,193,2455,22,0,0,195,2,0,0,2453,20,0,2,195,2,0,0,2455,22,0,0,195,2,0,0
Lang/commit/24,src_main_java_org_apache_commons_lang3_math_NumberUtils.json,749,64,837,88,0,0,66,2,0,0,835,86,0,2,66,2,0,0,837,88,0,0,66,2,0,0
Lang/commit/23,src_main_java_org_apache_commons_lang3_text_ExtendedMessageFormat.json,312,28,314,2,0,0,29,1,0,0,312,0,0,2,29,1,0,0,314,2,0,0,29,1,0,0
Lang/commit/22,src_main_java_org_apache_commons_lang3_math_Fraction.json,472,51,515,43,0,0,53,2,0,0,512,40,0,3,53,2,0,0,515,43,0,0,53,2,0,0
Lang/commit/32,src_main_java_org_apache_commons_lang3_builder_HashCodeBuilder.json,374,35,398,24,0,0,40,5,0,0,395,21,3,3,40,5,0,0,397,23,3,1,40,5,0,0
Lang/commit/31,src_main_java_org_apache_commons_lang3_StringUtils.json,2674,160,2697,23,0,0,162,2,0,0,2694,20,1,3,162,2,0,0,2696,22,1,1,162,2,0,0
Lang/commit/29,src_main_java_org_apache_commons_lang3_SystemUtils.json,216,100,224,8,0,0,102,2,0,0,222,6,0,2,102,2,0,0,224,8,0,0,102,2,0,0
Lang/commit/28,src_main_java_org_apache_commons_lang3_text_translate_NumericEntityUnescaper.json,0,0,37,37,0,0,2,2,0,0,37,37,0,0,2,2,0,0,37,37,0,0,2,2,0,0
Lang/commit/27,src_main_java_org_apache_commons_lang3_math_NumberUtils.json,711,64,835,124,0,0,66,2,0,0,833,122,0,2,66,2,0,0,835,124,0,0,66,2,0,0
Lang/commit/26,src_main_java_org_apache_commons_lang3_time_FastDateFormat.json,1086,160,1096,10,0,0,162,2,0,0,1094,8,0,2,162,2,0,0,1096,10,0,0,162,2,0,0
Lang/commit/14,src_main_java_org_apache_commons_lang3_StringUtils.json,2868,177,2909,41,0,0,179,2,0,0,2907,39,0,2,179,2,0,0,2909,41,0,0,179,2,0,0
Lang/commit/13,src_main_java_org_apache_commons_lang3_SerializationUtils.json,103,7,129,26,0,0,11,4,0,0,128,25,1,1,11,4,0,0,128,25,1,1,11,4,0,0
Lang/commit/12,src_main_java_org_apache_commons_lang3_RandomStringUtils.json,93,12,159,66,0,0,14,2,0,0,158,65,1,1,14,2,0,0,158,65,1,1,14,2,0,0
Lang/commit/11,src_main_java_org_apache_commons_lang3_RandomStringUtils.json,93,12,166,73,0,0,14,2,0,0,166,73,0,0,14,2,0,0,166,73,0,0,14,2,0,0
Lang/commit/19,src_main_java_org_apache_commons_lang3_text_translate_NumericEntityUnescaper.json,0,0,50,50,0,0,2,2,0,0,47,47,3,3,2,2,0,0,46,46,3,4,2,2,0,0
Lang/commit/21,src_main_java_org_apache_commons_lang3_time_DateUtils.json,825,79,840,15,0,0,81,2,0,0,838,13,0,2,81,2,0,0,840,15,0,0,81,2,0,0
Jsoup/commit/89,src_main_java_org_jsoup_nodes_Attribute.json,164,23,181,17,0,0,25,2,0,0,180,16,0,1,25,2,0,0,180,16,0,1,25,2,0,0
Lang/commit/20,src_main_java_org_apache_commons_lang3_StringUtils.json,2821,174,2901,80,0,6,177,3,0,0,2903,82,4,4,177,3,0,0,2901,80,4,6,177,3,0,0
Jsoup/commit/88,src_main_java_org_jsoup_nodes_Attribute.json,172,23,180,8,0,0,25,2,0,0,180,8,0,0,25,2,0,0,179,7,0,1,25,2,0,0
Jsoup/commit/93,src_main_java_org_jsoup_nodes_FormElement.json,35,6,74,39,0,0,8,2,0,0,74,39,0,0,8,2,0,0,74,39,0,0,8,2,0,0
Lang/commit/18,src_main_java_org_apache_commons_lang3_time_FastDateFormat.json,815,143,937,122,0,0,145,2,0,0,931,116,1,6,145,2,0,0,933,118,1,4,145,2,0,0
Lang/commit/17,src_main_java_org_apache_commons_lang3_text_translate_CharSequenceTranslator.json,41,4,71,30,0,0,6,2,0,0,70,29,1,1,6,2,0,0,68,27,3,3,6,2,0,0
Jsoup/commit/92,src_main_java_org_jsoup_parser_Token.json,361,84,390,29,0,0,87,3,0,0,388,27,0,2,87,3,0,0,390,29,0,0,87,3,0,0
Jsoup/commit/92,src_main_java_org_jsoup_parser_HtmlTreeBuilder.json,682,96,698,16,0,0,98,2,0,0,696,14,0,2,98,2,0,0,698,16,0,0,98,2,0,0
Jsoup/commit/92,src_main_java_org_jsoup_parser_XmlTreeBuilder.json,124,12,140,16,0,0,14,2,0,0,140,16,0,0,14,2,0,0,140,16,0,0,14,2,0,0
Jsoup/commit/92,src_main_java_org_jsoup_nodes_Attributes.json,356,55,370,14,0,0,58,3,0,0,368,12,0,2,58,3,0,0,370,14,0,0,58,3,0,0
Jsoup/commit/92,src_main_java_org_jsoup_parser_ParseSettings.json,38,9,43,5,0,0,10,1,0,0,43,5,0,0,10,1,0,0,43,5,0,0,10,1,0,0
Lang/commit/16,src_main_java_org_apache_commons_lang3_math_NumberUtils.json,709,64,835,126,0,0,66,2,0,0,833,124,0,2,66,2,0,0,835,126,0,0,66,2,0,0
Jsoup/commit/91,src_main_java_org_jsoup_parser_CharacterReader.json,432,50,451,19,0,0,53,3,0,0,448,16,0,3,53,3,0,0,451,19,0,0,53,3,0,0
Jsoup/commit/91,src_main_java_org_jsoup_UncheckedIOException.json,10,2,12,2,0,0,3,1,0,0,12,2,0,0,3,1,0,0,12,2,0,0,3,1,0,0
Lang/commit/15,src_main_java_org_apache_commons_lang3_reflect_TypeUtils.json,530,26,590,60,0,4,29,3,0,0,589,59,6,5,29,3,0,0,590,60,2,4,29,3,0,0
Time/commit/16,src_main_java_org_joda_time_format_DateTimeFormatter.json,439,52,472,33,0,0,54,2,0,0,470,31,1,2,54,2,0,0,471,32,2,1,54,2,0,0
Time/commit/17,src_main_java_org_joda_time_DateTimeZone.json,702,67,725,23,0,0,69,2,0,0,713,11,0,12,68,1,0,1,724,22,4,1,69,2,0,0
Time/commit/14,src_main_java_org_joda_time_chrono_BasicMonthOfYearDateTimeField.json,200,22,222,22,0,0,24,2,0,0,221,21,0,1,24,2,0,0,222,22,0,0,24,2,0,0
Time/commit/15,src_main_java_org_joda_time_field_FieldUtils.json,183,15,204,21,0,0,17,2,0,0,202,19,0,2,17,2,0,0,204,21,0,0,17,2,0,0
Time/commit/12,src_main_java_org_joda_time_LocalDateTime.json,1004,145,1030,26,0,0,148,3,0,0,1027,23,0,3,148,3,0,0,1029,25,0,1,148,3,0,0
Time/commit/12,src_main_java_org_joda_time_LocalDate.json,874,125,908,34,0,0,128,3,0,0,905,31,0,3,128,3,0,0,907,33,0,1,128,3,0,0
Time/commit/13,src_main_java_org_joda_time_format_PeriodFormatterBuilder.json,1366,158,1432,66,0,0,162,4,0,0,1428,62,0,4,162,4,0,0,1432,66,0,0,162,4,0,0
Time/commit/11,src_main_java_org_joda_time_tz_ZoneInfoCompiler.json,650,64,652,2,0,0,66,2,0,0,650,0,0,2,66,2,0,0,652,2,0,0,66,2,0,0
Time/commit/19,src_main_java_org_joda_time_DateTimeZone.json,687,67,722,35,0,0,69,2,0,0,719,32,0,3,69,2,0,0,722,35,0,0,69,2,0,0
Jsoup/commit/90,src_main_java_org_jsoup_helper_HttpConnection.json,1206,171,1249,43,0,0,174,3,0,0,1243,37,0,6,174,3,0,0,1249,43,0,0,174,3,0,0
Compress/commit/45,src_main_java_org_apache_commons_compress_archivers_tar_TarUtils.json,374,25,396,22,0,0,27,2,0,0,394,20,0,2,27,2,0,0,396,22,0,0,27,2,0,0
Compress/commit/44,src_main_java_org_apache_commons_compress_utils_ChecksumCalculatingInputStream.json,49,7,58,9,0,0,9,2,0,0,58,9,0,0,9,2,0,0,58,9,0,0,9,2,0,0
Compress/commit/47,src_main_java_org_apache_commons_compress_archivers_zip_ZipArchiveInputStream.json,673,73,724,51,0,0,76,3,0,0,722,49,0,2,76,3,0,0,724,51,0,0,76,3,0,0
Lang/commit/10,src_main_java_org_apache_commons_lang3_time_FastDateParser.json,562,95,601,39,0,0,97,2,0,0,599,37,0,2,97,2,0,0,601,39,0,0,97,2,0,0
Time/commit/20,src_main_java_org_joda_time_format_DateTimeFormatterBuilder.json,2392,224,2417,25,0,0,226,2,0,0,2409,17,8,8,226,2,0,0,2413,21,6,4,226,2,0,0
Time/commit/18,src_main_java_org_joda_time_chrono_GJChronology.json,807,94,835,28,0,0,96,2,0,0,832,25,0,3,96,2,0,0,835,28,0,0,96,2,0,0
