url,srcFileName,ignoredMappings,ignoredElements,TP_raw,TP,FP,FN,TP_raw,TP,FP,FN,TP_raw,TP,FP,FN,TP_raw,TP,FP,FN,TP_raw,TP,FP,FN,TP_raw,TP,FP,FN
https://github.com/Alluxio/alluxio/commit/9aeefcd8120bb3b89cdb437d8c32d2ed84b8a825,servers.src.main.json.tachyon.worker.block.allocator.MaxFreeAllocator.json,5,2,48,43,0,0,4,2,0,0,38,33,14,10,4,2,0,0,38,33,1,10,4,2,0,0
https://github.com/CellularPrivacy/Android-IMSI-Catcher-Detector/commit/e235f884f2e0bc258da77b9c80492ad33386fa86,app.src.main.json.com.SecUpwN.AIMSICD.adapters.AIMSICDDbAdapter.json,643,59,673,30,0,0,62,3,0,0,669,26,1,4,61,2,0,1,668,25,5,5,61,2,1,1
https://github.com/crashub/crash/commit/2801269c7e47bd6e243612654a74cee809d20959,connectors.ssh.src.main.json.org.crsh.auth.FilePublicKeyProvider.json,4,3,34,30,0,0,5,2,0,0,30,26,8,4,5,2,0,0,31,27,3,3,5,2,0,0
https://github.com/brettwooldridge/HikariCP/commit/e19c6874431dc2c3046436c2ac249a0ab2ef3457,hikaricp-common.src.main.json.com.zaxxer.hikari.proxy.ConnectionProxy.json,298,44,349,51,0,0,46,2,0,0,345,47,2,4,46,2,0,0,348,50,0,1,46,2,0,0
https://github.com/SecUpwN/Android-IMSI-Catcher-Detector/commit/e235f884f2e0bc258da77b9c80492ad33386fa86,app.src.main.json.com.SecUpwN.AIMSICD.adapters.AIMSICDDbAdapter.json,643,59,673,30,0,0,62,3,0,0,669,26,1,4,61,2,0,1,668,25,5,5,61,2,1,1
https://github.com/CyanogenMod/android_frameworks_base/commit/96a2c3410f3c71d3ab20857036422f1d64c3a6d3,services.core.json.com.android.server.power.PowerManagerService.json,2826,348,2872,46,0,0,353,5,0,0,2862,36,4,10,352,4,1,1,2868,42,4,4,352,4,1,1
https://github.com/raphw/byte-buddy/commit/f1dfb66a368760e77094ac1e3860b332cf0e4eb5,byte-buddy-dep.src.main.json.net.bytebuddy.description.method.ParameterList.json,172,34,221,49,0,0,44,10,0,0,198,26,0,23,41,7,0,3,200,28,0,21,41,7,0,3
https://github.com/datastax/java-driver/commit/3a0603f8f778be3219a5a0f3a7845cda65f1e172,driver-core.src.main.json.com.datastax.driver.core.querybuilder.Insert.json,87,17,112,25,0,0,19,2,0,0,111,24,3,1,19,2,0,0,102,15,4,10,19,2,0,0
https://github.com/CyanogenMod/android_frameworks_base/commit/658a918eebcbdeb4f920c2947ca8d0e79ad86d89,packages.SystemUI.src.com.android.systemui.statusbar.phone.PhoneStatusBar.json,4073,553,4363,290,0,0,559,6,0,0,4359,286,0,4,559,6,0,0,4361,288,0,2,559,6,0,0
https://github.com/hierynomus/sshj/commit/7c26ac669a4e17ca1d2319a5049a56424fd33104,src.itest.json.nl.jsondude.sshj.connection.channel.ChannelCloseEofTest.json,14,3,32,18,0,0,5,2,0,0,32,18,0,0,5,2,0,0,31,17,1,1,5,2,0,0
https://github.com/wordpress-mobile/WordPress-Android/commit/2252ed3754bff8c39db48d172ac76ac5a4e15359,WordPress.src.main.json.org.wordpress.android.ui.reader.ReaderPostListFragment.json,1066,113,1149,83,0,0,116,3,0,0,1145,79,2,4,116,3,0,0,1146,80,1,3,116,3,0,0
https://github.com/JetBrains/MPS/commit/61b5decd4a4e5e6bbdea99eb76f136ca10915b73,editor.editor-runtime.source.jetbrains.mps.nodeEditor.cellProviders.AbstractCellListHandler.json,130,21,143,13,0,0,23,2,0,0,136,6,13,7,22,1,2,1,136,6,13,7,22,1,2,1
https://github.com/processing/processing/commit/f36b736cf1206dd1af794d6fb4cee967a3553b1f,core.src.processing.opengl.PGL.json,2900,637,3020,120,0,0,639,2,0,0,3017,117,0,3,639,2,0,0,3020,120,0,0,639,2,0,0
https://github.com/raphw/byte-buddy/commit/fd000ca2e78fce2f8aa11e6a81e4f23c2f1348e6,byte-buddy-dep.src.main.json.net.bytebuddy.dynamic.scaffold.subclass.SubclassImplementationTarget.json,47,11,72,25,0,0,14,3,0,0,67,20,5,5,13,2,1,1,67,20,5,5,13,2,1,1
https://github.com/restlet/restlet-framework-java/commit/7ffe37983e2f09637b0c84d526a2f824de652de4,modules.org.restlet.ext.apispark.src.org.restlet.ext.apispark.internal.conversion.swagger.v2_0.Swagger2Reader.json,454,18,481,27,0,0,20,2,0,0,468,14,13,13,19,1,1,1,468,14,10,13,19,1,1,1
https://github.com/wildfly/wildfly/commit/d7675fb0b19d3d22978e79954f441eeefd74a3b2,ejb3.src.main.json.org.jboss.as.ejb3.deployment.processors.merging.MethodPermissionsMergingProcessor.json,51,3,121,70,0,0,5,2,0,0,106,55,10,15,4,1,1,1,113,62,8,8,4,1,1,1
https://github.com/selendroid/selendroid/commit/e4a309c160285708f917ea23238573da3b677f7f,selendroid-standalone.src.main.json.io.selendroid.standalone.android.impl.AbstractDevice.json,492,53,549,57,0,0,55,2,0,0,546,54,0,3,55,2,0,0,549,57,0,0,55,2,0,0
https://github.com/gradle/gradle/commit/681dc6346ce3cf5be5c5985faad120a18949cee0,subprojects.platform-native.src.main.groovy.org.gradle.nativeplatform.toolchain.internal.gcc.AbstractGccCompatibleToolChain.json,218,36,242,24,0,0,38,2,0,0,234,16,5,8,37,1,1,1,237,19,5,5,37,1,1,1
https://github.com/spotify/helios/commit/3ffd70929c08be5cf14f156189e8050969caa87e,helios-services.src.main.json.com.spotify.helios.master.ZooKeeperMasterModel.json,1329,79,1365,36,0,0,81,2,0,0,1361,32,1,4,81,2,0,0,1364,35,1,1,81,2,0,0
https://github.com/xetorthio/jedis/commit/d4b4aecbc69bbd04ba87c4e32a52cff3d129906a,src.main.json.redis.clients.util.Pool.json,108,14,138,30,0,0,18,4,0,0,125,17,14,13,17,3,1,1,123,15,13,15,17,3,1,1
https://github.com/greenrobot/greenDAO/commit/d6d9dd4365387816fda6987a4ad9b679c27e72a3,DaoCore.src.de.greenrobot.dao.PropertyConverter.json,8,3,9,1,0,0,3,0,0,0,9,1,0,0,3,0,0,0,9,1,0,0,3,0,0,0
https://github.com/rstudio/rstudio/commit/cb49e436b9d7ee55f2531ebc2ef1863f5c9ba9fe,src.gwt.src.org.rstudio.core.client.widget.ScrollableToolbarPopupMenu.json,58,11,73,15,0,0,13,2,0,0,73,15,3,0,13,2,0,0,73,15,1,0,13,2,0,0
https://github.com/JetBrains/intellij-community/commit/7ed3f273ab0caf0337c22f0b721d51829bb0c877,python.educational.src.com.jetbrains.edu.stepic.EduStepicConnector.json,341,68,371,30,0,0,71,3,0,0,361,20,8,10,70,2,1,1,365,24,7,6,70,2,1,1
https://github.com/orientechnologies/orientdb/commit/1089957b645bde069d3864563bbf1f7c7da8045c,core.src.main.json.com.orientechnologies.orient.core.db.tool.ODatabaseImport.json,1205,91,1218,13,0,0,93,2,0,0,1210,5,6,8,92,1,1,1,1212,7,6,6,92,1,1,1
https://github.com/Netflix/eureka/commit/f6212a7e474f812f31ddbce6d4f7a7a0d498b751,eureka-client.src.main.json.com.netflix.discovery.DiscoveryClient.json,1296,118,1360,64,0,0,121,3,0,0,1355,59,4,5,121,3,0,0,1357,61,4,3,121,3,0,0
https://github.com/wordpress-mobile/WordPress-Android/commit/f8d5cf01f123a1d0a65857aa2db0571fe9cd1911,WordPress.src.main.json.org.wordpress.android.models.Blog.json,546,99,582,36,0,0,103,4,0,0,567,21,16,15,102,3,1,1,571,25,13,11,102,3,1,1
https://github.com/apache/pig/commit/7a1659c12d76b510809dea1dea1f5100bcf4cd60,src.org.apache.pig.backend.hadoop.executionengine.spark.SparkLauncher.json,392,25,469,77,0,0,29,4,0,0,465,73,3,4,29,4,0,0,467,75,3,2,29,4,0,0
https://github.com/mongodb/mongo-java-driver/commit/8c5a20d786e66ee4c4b0d743f0f80bf681c419be,driver-core.src.test.unit.com.mongodb.JsonPoweredTestHelper.json,63,6,63,0,0,0,6,0,0,0,63,0,0,0,6,0,0,0,63,0,0,0,6,0,0,0
https://github.com/ratpack/ratpack/commit/2581441eda268c45306423dd4c515514d98a14a0,ratpack-jackson.src.main.json.ratpack.jackson.JacksonModule.json,98,17,102,4,0,0,18,1,0,0,102,4,0,0,18,1,0,0,102,4,0,0,18,1,0,0
https://github.com/CyanogenMod/android_frameworks_base/commit/4587c32ab8a1c8e2169e4f93491a8c927216a6ab,packages.SystemUI.src.com.android.systemui.usb.StorageNotification.json,254,19,271,17,0,0,21,2,0,0,265,11,4,6,20,1,1,1,267,13,4,4,20,1,1,1
https://github.com/deeplearning4j/deeplearning4j/commit/3325f5ccd23f8016fa28a24f878b54f1918546ed,deeplearning4j-scaleout.deeplearning4j-nlp.src.main.json.org.deeplearning4j.models.embeddings.loader.WordVectorSerializer.json,229,12,326,97,0,0,17,5,0,0,323,94,2,3,17,5,0,0,325,96,3,1,17,5,0,0
https://github.com/gradle/gradle/commit/f394599bf1423be0be2d5822ed7f1271d2841225,subprojects.platform-jvm.src.main.json.org.gradle.jvm.plugins.JarBinaryRules.json,24,3,25,1,0,0,3,0,0,0,25,1,0,0,3,0,0,0,25,1,0,0,3,0,0,0
https://github.com/gradle/gradle/commit/ba1da95200d080aef6251f13ced0ca67dff282be,subprojects.tooling-api.src.main.json.org.gradle.tooling.tests.TestExecutionException.json,13,3,14,1,0,0,3,0,0,0,14,1,0,0,3,0,0,0,14,1,0,0,3,0,0,0
https://github.com/bitcoinj/bitcoinj/commit/95bfa40630e34f6f369e0055d9f37f49bca60247,core.src.main.json.org.bitcoinj.core.Peer.json,1129,122,1153,24,0,0,124,2,0,0,1145,16,5,8,123,1,1,1,1147,18,5,6,123,1,1,1
https://github.com/gwtproject/gwt/commit/e0dda9f61b7c409944c4734edf75b108e0288f59,user.super.com.google.gwt.emul.json.security.MessageDigest.json,91,13,94,3,0,0,14,1,0,0,94,3,1,0,14,1,0,0,91,0,2,3,13,0,0,1
https://github.com/apache/camel/commit/cb0935e3af05b333b5c85a4fb3b1846836218f11,components.camel-quartz2.src.main.json.org.apache.camel.component.quartz2.QuartzComponent.json,284,36,332,48,0,0,39,3,0,0,330,46,0,2,39,3,0,0,332,48,0,0,39,3,0,0
https://github.com/Alluxio/alluxio/commit/5b184ac783784c1ca4baf1437888c79bd9460763,servers.src.main.json.tachyon.worker.block.evictor.LRUEvictor.json,74,13,165,91,0,0,16,3,0,0,158,84,7,7,15,2,1,1,158,84,7,7,15,2,1,1
https://github.com/JetBrains/intellij-community/commit/af618666043f21b3db7e6a1be2aa225ae0f432b4,platform.platform-impl.src.com.intellij.openapi.editor.impl.EditorGutterComponentImpl.json,1607,155,1649,42,0,0,158,3,0,0,1648,41,1,1,158,3,0,0,1649,42,0,0,158,3,0,0
https://github.com/jline/jline2/commit/80d3ffb5aafa90992385c17e8338c2cc5def3cec,src.main.json.jline.console.ConsoleReader.json,2802,200,2830,28,0,0,203,3,0,0,2813,11,9,17,201,1,1,2,2817,15,13,13,201,1,2,2
https://github.com/Activiti/Activiti/commit/ca7d0c3b33a0863bed04c77932b9ef6b1317f34e,modules.activiti-engine.src.main.json.org.activiti.engine.impl.persistence.entity.UserEntityTest.json,57,12,58,1,0,0,12,0,0,0,58,1,0,0,12,0,0,0,58,1,0,0,12,0,0,0
https://github.com/JetBrains/intellij-community/commit/98ecc4cfd927f388645f6a6bc492c80868b1a11d,plugins.properties.src.com.intellij.lang.properties.create.CreateResourceBundleDialogComponent.json,423,57,438,15,0,0,60,3,0,0,436,13,1,2,60,3,0,0,437,14,1,1,60,3,0,0
https://github.com/HdrHistogram/HdrHistogram/commit/0e65ac4da70c6ca5c67bb8418e67db914218042f,src.main.json.org.HdrHistogram.HistogramLogProcessor.json,101,19,211,110,0,0,21,2,0,0,208,107,1,3,21,2,0,0,209,108,1,2,21,2,0,0
https://github.com/iNPUTmice/Conversations/commit/e6cb12dfe414497b4317820497985c110cb81864,src.main.json.eu.siacs.conversations.ui.adapter.MessageAdapter.json,357,44,567,210,0,0,49,5,0,0,554,197,11,13,48,4,0,1,556,199,15,11,48,4,1,1
https://github.com/brettwooldridge/HikariCP/commit/1571049ec04b1e7e6f082ed5ec071584e7200c12,src.main.json.com.zaxxer.hikari.util.ConcurrentBag.json,181,23,184,3,0,0,24,1,0,0,182,1,0,2,24,1,0,0,184,3,0,0,24,1,0,0
https://github.com/brettwooldridge/HikariCP/commit/cd8c4d578a609bdd6395d3a8c49bfd19ed700dea,src.main.json.com.zaxxer.hikari.util.ClockSource.json,27,8,29,2,0,0,9,1,0,0,29,2,0,0,9,1,0,0,29,2,0,0,9,1,0,0
https://github.com/robovm/robovm/commit/7837d0baf1aef45340eec699516a8c3a22aeb553,compiler.src.main.json.org.robovm.compiler.target.ios.IOSTarget.json,803,59,862,59,0,0,62,3,0,0,855,52,4,7,61,2,1,1,856,53,4,6,61,2,1,1
https://github.com/spring-projects/spring-security/commit/fcc9a34356817d93c24b5ccf3107ec234a28b136,web.src.main.json.org.springframework.security.web.context.SaveContextOnUpdateOrErrorResponseWrapper.json,49,8,70,21,0,0,12,4,0,0,70,21,9,0,12,4,1,0,70,21,8,0,12,4,1,0
https://github.com/spring-projects/spring-security/commit/08b1b56e2cd5ad72126f4bbeb15a47d9b104dfff,web.src.main.json.org.springframework.security.web.context.SaveContextOnUpdateOrErrorResponseWrapper.json,62,10,70,8,0,0,12,2,0,0,70,8,9,0,12,2,1,0,70,8,8,0,12,2,1,0
https://github.com/apache/cassandra/commit/4fcd7d4d366d001cf5f1f7d926c608c902e3f0af,test.unit.org.apache.cassandra.locator.DynamicEndpointSnitchTest.json,49,2,51,2,0,0,3,1,0,0,51,2,0,0,3,1,0,0,51,2,0,0,3,1,0,0
https://github.com/opentripplanner/OpenTripPlanner/commit/334dbc7cf3432e7c17b0ed98801e61b0b591b408,src.main.json.org.opentripplanner.analyst.cluster.AnalystWorker.json,235,25,279,44,0,0,28,3,0,0,277,42,0,2,28,3,0,0,279,44,0,0,28,3,0,0
https://github.com/wordpress-mobile/WordPress-Android/commit/3b95d10985776fb7b710089ff71074fd2bf860ee,WordPress.src.main.json.org.wordpress.android.ui.main.SitePickerAdapter.json,328,68,381,53,0,0,73,5,0,0,380,52,2,1,73,5,0,0,379,51,0,2,73,5,0,0
https://github.com/spring-projects/spring-boot/commit/cb98ee25ff52bf97faebe3f45cdef0ced9b4416e,spring-boot-autoconfigure.src.test.json.org.springframework.boot.autoconfigure.web.WebMvcAutoConfigurationTests.json,141,24,461,320,0,0,44,20,0,0,292,151,39,169,40,16,0,4,313,172,10,148,44,20,0,0
https://github.com/netty/netty/commit/303cb535239a6f07cbe24a033ef965e2f55758eb,handler.src.main.json.io.netty.handler.ssl.OpenSslEngine.json,1289,126,1325,36,0,0,130,4,0,0,1317,28,7,8,130,4,0,0,1323,34,6,2,130,4,0,0
https://github.com/real-logic/Aeron/commit/35893c115ba23bd62a7036a33390420f074ce660,aeron-driver.src.test.json.uk.co.real_logic.aeron.driver.DriverConductorTest.json,149,44,334,185,0,0,56,12,0,0,299,150,42,35,55,11,1,1,303,154,15,31,56,12,0,0
https://github.com/fabric8io/fabric8/commit/8127b21a220ca677c4e59961d019e7753da7ea6e,fabric8-maven-plugin.src.main.json.io.fabric8.maven.JsonMojo.json,836,105,929,93,0,0,108,3,0,0,915,79,11,14,107,2,1,1,919,83,10,10,107,2,1,1
https://github.com/JetBrains/intellij-community/commit/e1625136ba12907696ef4c6e922ce073293f3a2c,plugins.maven.src.main.json.org.jetbrains.idea.maven.project.MavenProject.json,1129,144,1173,44,0,0,146,2,0,0,1159,30,14,14,146,2,0,0,1164,35,6,9,146,2,0,0
https://github.com/processing/processing/commit/acf67c8cb58d13827e14bbeeec11a66f9277015f,core.src.processing.core.PApplet.json,7896,834,8040,144,0,0,836,2,0,0,8031,135,7,9,835,1,1,1,8033,137,7,7,835,1,1,1
https://github.com/ratpack/ratpack/commit/da6167af3bdbf7663af6c20fb603aba27dd5e174,ratpack-core.src.main.json.ratpack.server.internal.DefaultResponseTransmitter.json,144,26,204,60,0,0,31,5,0,0,196,52,8,8,30,4,1,1,198,54,7,6,30,4,1,1
https://github.com/JetBrains/intellij-community/commit/e1f0dbc2f09541fc64ce88ee22d8f8f4648004fe,plugins.maven.src.main.json.org.jetbrains.idea.maven.utils.library.RepositoryAttachHandler.json,341,20,379,38,0,0,23,3,0,0,366,25,12,13,22,2,1,1,367,26,12,12,22,2,1,1
https://github.com/JetBrains/intellij-community/commit/04397f41107bd6de41b31d45a4e8e2ed65628bbe,java.json-impl.src.com.intellij.testIntegration.createTest.CreateTestAction.json,118,10,135,17,0,0,12,2,0,0,130,12,10,5,11,1,1,1,130,12,7,5,11,1,1,1
https://github.com/checkstyle/checkstyle/commit/c9c475a6c7a8cb728ba1c091b386db46f11a781f,src.main.json.com.puppycrawl.tools.checkstyle.checks.coding.FinalLocalVariableCheck.json,118,16,178,60,0,0,19,3,0,0,173,55,1,5,19,3,0,0,172,54,1,6,19,3,0,0
https://github.com/MovingBlocks/Terasology/commit/8f63cc5c8edb8e740026447bc4827f8e8e6c34b1,engine.src.main.json.org.terasology.rendering.nui.layers.mainMenu.PreviewWorldScreen.json,92,26,163,71,0,0,30,4,0,0,161,69,0,2,30,4,0,0,163,71,1,0,30,4,0,0
https://github.com/JetBrains/intellij-community/commit/9fbf6b852bd9766060307aff960fb597d55e24d3,platform.util.src.com.intellij.util.io.CachingEnumerator.json,22,10,112,90,0,0,14,4,0,0,106,84,7,6,13,3,1,1,105,83,5,7,13,3,1,1
https://github.com/BroadleafCommerce/BroadleafCommerce/commit/9687048f76519fc89b4151cbe2841bbba61a401d,admin.broadleaf-open-admin-platform.src.main.json.org.broadleafcommerce.openadmin.web.controller.AdminAbstractController.json,379,40,421,42,0,0,42,2,0,0,399,20,9,22,41,1,1,1,403,24,9,18,41,1,1,1
https://github.com/spring-projects/spring-boot/commit/20d39f7af2165c67d5221f556f58820c992d2cc6,spring-boot.src.main.json.org.springframework.boot.cloudfoundry.VcapApplicationListener.json,96,13,144,48,0,0,15,2,0,0,138,42,9,6,15,2,0,0,140,44,4,4,15,2,0,0
https://github.com/languagetool-org/languagetool/commit/01cddc5afb590b4d36cb784637a8ea8aa31d3561,languagetool-gui-commons.src.main.json.org.languagetool.gui.ConfigurationDialog.json,323,41,461,138,0,0,43,2,0,0,428,105,25,33,42,1,0,1,436,113,23,25,43,2,0,0
https://github.com/processing/processing/commit/8707194f003444a9fb8e00bffa2893ef0c2492c6,core.src.processing.opengl.PSurfaceJOGL.json,621,84,751,130,0,0,90,6,0,0,737,116,4,14,89,5,0,1,738,117,3,13,89,5,0,1
https://github.com/liferay/liferay-plugins/commit/d99695841fa675ea9150602b1132f037093e867d,portlets.marketplace-portlet.docroot.WEB-INF.src.com.liferay.marketplace.store.portlet.RemoteMVCPortlet.json,26,2,76,50,0,0,5,3,0,0,68,42,8,8,4,2,1,1,66,40,8,10,4,2,1,1
https://github.com/apache/hive/commit/999e0e3616525d77cf46c5865f9981b5a6b5609a,ql.src.json.org.apache.hadoop.hive.ql.parse.CalcitePlanner.json,1879,84,1981,102,0,0,88,4,0,0,1959,80,46,22,87,3,1,1,1963,84,13,18,87,3,1,1
https://github.com/apache/hive/commit/4ccc0c37aabbd90ecaa36fcc491e2270e7e9bea6,hcatalog.core.src.main.json.org.apache.hive.hcatalog.mapreduce.PartInfo.json,74,24,149,75,0,0,27,3,0,0,141,67,8,8,25,1,2,2,141,67,8,8,25,1,2,2
https://github.com/FasterXML/jackson-databind/commit/cfe88fe3fbcc6b02ca55cee7b1f4ab13e249edea,src.main.json.com.fasterxml.jackson.databind.type.TypeFactory.json,774,67,838,64,0,0,72,5,0,0,824,50,13,14,71,4,1,1,827,53,11,11,71,4,1,1
https://github.com/JetBrains/intellij-community/commit/619a6012da868d0d42d9628460f2264effe9bdba,platform.lang-impl.src.com.intellij.ide.util.gotoByName.ChooseByNameBase.json,1579,204,1692,113,0,0,215,11,0,0,1686,107,12,6,215,11,0,0,1689,110,2,3,215,11,0,0
https://github.com/liferay/liferay-plugins/commit/720b0d2064ecc4403809e794075e9fe8cfa857f1,portlets.calendar-portlet.docroot.WEB-INF.src.com.liferay.calendar.portlet.CalendarPortlet.json,701,36,713,12,0,0,38,2,0,0,711,10,0,2,38,2,0,0,713,12,0,0,38,2,0,0
https://github.com/liferay/liferay-plugins/commit/720b0d2064ecc4403809e794075e9fe8cfa857f1,portlets.calendar-portlet.docroot.WEB-INF.src.com.liferay.calendar.service.impl.CalendarBookingLocalServiceImpl.json,680,40,844,164,0,0,44,4,0,0,834,154,8,10,43,3,1,1,836,156,8,8,43,3,1,1
https://github.com/CyanogenMod/android_frameworks_base/commit/f1b8ae1c44e6ba46118c2f66eae1725259acdccc,core.json.com.android.internal.widget.LockPatternView.json,940,140,984,44,0,0,145,5,0,0,973,33,9,11,144,4,1,1,974,34,9,10,144,4,1,1
https://github.com/CyanogenMod/android_frameworks_base/commit/f1b8ae1c44e6ba46118c2f66eae1725259acdccc,core.json.com.android.internal.widget.LockPatternUtils.json,1455,184,1470,15,0,0,186,2,0,0,1463,8,11,7,185,1,1,1,1465,10,5,5,185,1,1,1
https://github.com/jayway/rest-assured/commit/7cac88b9a28efc05bdc60e585e3291862ffc9da1,examples.rest-assured-itest-java.src.test.json.com.jayway.restassured.itest.json.SpecificationBuilderITest.json,270,28,272,2,0,0,29,1,0,0,270,0,0,2,29,1,0,0,272,2,0,0,29,1,0,0
https://github.com/jayway/rest-assured/commit/7cac88b9a28efc05bdc60e585e3291862ffc9da1,examples.rest-assured-itest-java.src.test.json.com.jayway.restassured.itest.json.SSLITest.json,214,22,217,3,0,0,23,1,0,0,215,1,0,2,23,1,0,0,217,3,0,0,23,1,0,0
https://github.com/CyanogenMod/android_frameworks_base/commit/153611deab149accd8aeaf03fd102c0b069bd322,core.json.com.android.internal.widget.LockPatternView.json,940,140,984,44,0,0,145,5,0,0,973,33,9,11,144,4,1,1,974,34,9,10,144,4,1,1
https://github.com/CyanogenMod/android_frameworks_base/commit/153611deab149accd8aeaf03fd102c0b069bd322,core.json.com.android.internal.widget.LockPatternUtils.json,1444,182,1459,15,0,0,184,2,0,0,1452,8,11,7,183,1,1,1,1454,10,5,5,183,1,1,1
https://github.com/MovingBlocks/Terasology/commit/dbd2d5048ae5e30fec98ddd969b6c1e91183fb65,engine.src.main.json.org.terasology.world.chunks.remoteChunkProvider.RemoteChunkProvider.json,324,45,337,13,0,0,51,6,0,0,335,11,2,2,49,4,0,2,337,13,2,0,49,4,0,2
https://github.com/MovingBlocks/Terasology/commit/dbd2d5048ae5e30fec98ddd969b6c1e91183fb65,engine.src.main.json.org.terasology.engine.modes.loadProcesses.InitialiseRemoteWorld.json,19,5,52,33,0,0,7,2,0,0,52,33,0,0,7,2,0,0,52,33,0,0,7,2,0,0
https://github.com/VoltDB/voltdb/commit/d47e58f9bbce9a816378e8a7930c1de67a864c29,src.frontend.org.voltdb.InternalConnectionHandler.json,23,9,96,73,0,0,11,2,0,0,96,73,0,0,11,2,0,0,95,72,1,1,11,2,0,0
https://github.com/VoltDB/voltdb/commit/d47e58f9bbce9a816378e8a7930c1de67a864c29,src.frontend.org.voltdb.ImportHandler.json,124,22,139,15,0,0,24,2,0,0,132,8,7,7,23,1,1,1,132,8,7,7,23,1,1,1
https://github.com/geoserver/geoserver/commit/07c26a3a1dd6fcc2494c2d755ee5a2753e0df87c,src.wfs.src.test.json.org.geoserver.wfs.xml.WFSURIHandlerTest.json,116,16,116,0,0,0,16,0,0,0,116,0,0,0,16,0,0,0,116,0,0,0,16,0,0,0
https://github.com/geoserver/geoserver/commit/07c26a3a1dd6fcc2494c2d755ee5a2753e0df87c,src.wfs.src.test.json.org.geoserver.wfs.xml.PropertyRule.json,48,10,50,2,0,0,11,1,0,0,50,2,0,0,11,1,0,0,50,2,0,0,11,1,0,0
https://github.com/spring-attic/spring-roo/commit/0bb4cca1105fc6eb86e7c4b75bfff3dbbd55f0c8,runtime.classpath.src.main.json.org.springframework.roo.classpath.details.AbstractInvocableMemberMetadataBuilder.json,97,21,119,22,0,0,24,3,0,0,119,22,0,0,24,3,0,0,119,22,0,0,24,3,0,0
https://github.com/spring-attic/spring-roo/commit/0bb4cca1105fc6eb86e7c4b75bfff3dbbd55f0c8,runtime.classpath.src.main.json.org.springframework.roo.classpath.details.MethodMetadataBuilder.json,79,13,92,13,0,0,15,2,0,0,92,13,2,0,15,2,0,0,88,9,2,4,15,2,0,0
https://github.com/jOOQ/jOOQ/commit/227254cf769f3e821ed1b2ef2d88c4ec6b20adea,jOOQ.src.main.json.org.jooq.Result.json,1558,205,1569,11,0,0,209,4,0,0,1558,0,9,11,206,1,3,3,1560,2,9,9,206,1,3,3
https://github.com/jOOQ/jOOQ/commit/227254cf769f3e821ed1b2ef2d88c4ec6b20adea,jOOQ.src.main.json.org.jooq.impl.ResultImpl.json,3169,256,3274,105,0,0,266,10,0,0,3210,41,47,64,257,1,6,9,3216,47,52,58,258,2,7,8
https://github.com/hazelcast/hazelcast/commit/f1e26fa73074a89680a2e1756d85eb80ad87c3bf,hazelcast.src.test.json.com.hazelcast.query.PredicatesTest.json,366,49,366,0,0,0,49,0,0,0,366,0,0,0,49,0,0,0,366,0,2,0,49,0,0,0
https://github.com/hazelcast/hazelcast/commit/f1e26fa73074a89680a2e1756d85eb80ad87c3bf,hazelcast.src.main.json.com.hazelcast.query.Predicates.json,120,16,123,3,0,0,17,1,0,0,123,3,12,0,17,1,0,0,120,0,12,3,16,0,0,1
https://github.com/JetBrains/intellij-community/commit/6905d569a1e39d0d7b1ec5ceee4f0bbe60b85947,python.educational.src.com.jetbrains.edu.courseFormat.Lesson.json,67,18,69,2,0,0,19,1,0,0,69,2,0,0,19,1,0,0,69,2,0,0,19,1,0,0
https://github.com/JetBrains/intellij-community/commit/6905d569a1e39d0d7b1ec5ceee4f0bbe60b85947,python.educational.src.com.jetbrains.edu.courseFormat.Task.json,206,30,208,2,0,0,31,1,0,0,208,2,0,0,31,1,0,0,208,2,0,0,31,1,0,0
https://github.com/Atmosphere/atmosphere/commit/69c229b7611ff8c6a20ff2d4da917a68c1cde64a,modules.cpr.src.main.json.org.atmosphere.util.Utils.json,245,18,248,3,0,0,19,1,0,0,245,0,0,3,19,1,0,0,248,3,0,0,19,1,0,0
https://github.com/Atmosphere/atmosphere/commit/69c229b7611ff8c6a20ff2d4da917a68c1cde64a,modules.cpr.src.main.json.org.atmosphere.inject.InjectableObjectFactory.json,173,16,188,15,0,0,18,2,0,0,185,12,1,3,18,2,0,0,185,12,1,3,18,2,0,0
https://github.com/dropwizard/metrics/commit/4c6ab3d77cc67c7a91155d884077520dcf1509c6,metrics-graphite.src.test.json.com.codahale.metrics.graphite.GraphiteReporterTest.json,265,22,267,2,0,0,23,1,0,0,265,0,0,2,23,1,0,0,267,2,0,0,23,1,0,0
https://github.com/dropwizard/metrics/commit/4c6ab3d77cc67c7a91155d884077520dcf1509c6,metrics-graphite.src.main.json.com.codahale.metrics.graphite.GraphiteReporter.json,205,30,251,46,0,0,32,2,0,0,242,37,2,9,32,2,0,0,247,42,2,4,32,2,0,0
https://github.com/JetBrains/intellij-community/commit/33b0ac3a029845f9c20f7f5967c03b31b24f3b4b,platform.lang-impl.src.com.intellij.util.indexing.FileBasedIndexImpl.json,2699,280,2701,2,0,0,281,1,0,0,2699,0,0,2,281,1,0,0,2701,2,0,0,281,1,0,0
https://github.com/JetBrains/intellij-community/commit/33b0ac3a029845f9c20f7f5967c03b31b24f3b4b,platform.indexing-api.src.com.intellij.util.indexing.FileBasedIndex.json,194,29,197,3,0,0,30,1,0,0,197,3,0,0,30,1,0,0,197,3,0,0,30,1,0,0
