Chart/1,source_org_jfree_chart_renderer_category_AbstractCategoryItemRenderer,0,65,0,0,0,0,66,1,0,0,0,0,0,0,66,1,0,0,0,0,0,0,66,1,0,0
Chart/10,source_org_jfree_chart_imagemap_StandardToolTipTagFragmentGenerator,0,1,0,0,0,0,2,1,0,0,0,0,0,0,2,1,0,0,0,0,0,0,2,1,0,0
Chart/11,source_org_jfree_chart_util_ShapeUtilities,0,20,0,0,0,0,21,1,0,0,0,0,0,0,21,1,0,0,0,0,0,0,21,1,0,0
Chart/12,source_org_jfree_chart_plot_MultiplePiePlot,0,20,0,0,0,0,21,1,0,0,0,0,0,0,21,1,0,0,0,0,0,0,21,1,0,0
Chart/13,source_org_jfree_chart_block_BorderArrangement,0,9,0,0,0,0,10,1,0,0,0,0,0,0,10,1,0,0,0,0,0,0,10,1,0,0
Chart/14,source_org_jfree_chart_plot_CategoryPlot,0,171,0,0,0,0,173,2,0,0,0,0,0,0,173,2,0,0,0,0,0,0,173,2,0,0
Chart/14,source_org_jfree_chart_plot_XYPlot,0,198,0,0,0,0,200,2,0,0,0,0,0,0,200,2,0,0,0,0,0,0,200,2,0,0
Chart/15,source_org_jfree_chart_plot_PiePlot,0,112,0,0,0,0,114,2,0,0,0,0,0,0,114,2,0,0,0,0,0,0,114,2,0,0
Chart/16,source_org_jfree_data_category_DefaultIntervalCategoryDataset,0,30,0,0,0,0,32,2,0,0,0,0,0,0,32,2,0,0,0,0,0,0,32,2,0,0
Chart/17,source_org_jfree_data_time_TimeSeries,0,43,0,0,0,0,44,1,0,0,0,0,0,0,43,0,0,1,0,0,0,0,44,1,0,0
Chart/18,source_org_jfree_data_DefaultKeyedValues,0,20,0,0,0,0,22,2,0,0,0,0,0,0,22,2,0,0,0,0,0,0,22,2,0,0
Chart/18,source_org_jfree_data_DefaultKeyedValues2D,0,22,0,0,0,0,23,1,0,0,0,0,0,0,23,1,0,0,0,0,0,0,23,1,0,0
Chart/19,source_org_jfree_chart_plot_CategoryPlot,0,157,0,0,0,0,159,2,0,0,0,0,0,0,159,2,0,0,0,0,0,0,159,2,0,0
Chart/2,source_org_jfree_data_general_DatasetUtilities,0,50,0,0,0,0,52,2,0,0,0,0,0,0,52,2,0,0,0,0,0,0,52,2,0,0
Chart/20,source_org_jfree_chart_plot_ValueMarker,0,5,0,0,0,0,6,1,0,0,0,0,0,0,6,1,0,0,0,0,0,0,6,1,0,0
Chart/21,source_org_jfree_data_statistics_DefaultBoxAndWhiskerCategoryDataset,0,36,0,0,0,0,38,2,0,0,0,0,0,0,37,1,0,1,0,0,0,0,37,1,0,1
Chart/22,source_org_jfree_data_KeyedObjects2D,0,17,0,0,0,0,21,4,0,0,0,0,0,0,21,4,0,0,0,0,0,0,21,4,0,0
Chart/23,source_org_jfree_chart_renderer_category_MinMaxCategoryRenderer,0,24,0,0,0,0,24,0,0,0,0,0,0,0,24,0,0,0,0,0,0,0,24,0,0,0
Chart/24,source_org_jfree_chart_renderer_GrayPaintScale,0,6,0,0,0,0,7,1,0,0,0,0,0,0,7,1,0,0,0,0,0,0,7,1,0,0
Chart/25,source_org_jfree_chart_renderer_category_StatisticalBarRenderer,0,9,0,0,0,0,11,2,0,0,0,0,0,0,11,2,0,0,0,0,0,0,11,2,0,0
Chart/26,source_org_jfree_chart_axis_Axis,0,59,0,0,0,0,60,1,0,0,0,0,0,0,60,1,0,0,0,0,0,0,60,1,0,0
Chart/3,source_org_jfree_data_time_TimeSeries,0,53,0,0,0,0,54,1,0,0,0,0,0,0,54,1,0,0,0,0,0,0,54,1,0,0
Chart/4,source_org_jfree_chart_plot_XYPlot,0,228,0,0,0,0,229,1,0,0,0,0,0,0,229,1,0,0,0,0,0,0,229,1,0,0
Chart/5,source_org_jfree_data_xy_XYSeries,0,33,0,0,0,0,34,1,0,0,0,0,0,0,34,1,0,0,0,0,0,0,34,1,0,0
Chart/6,source_org_jfree_chart_util_ShapeList,0,7,0,0,0,0,8,1,0,0,0,0,0,0,8,1,0,0,0,0,0,0,8,1,0,0
Chart/7,source_org_jfree_data_time_TimePeriodValues,0,26,0,0,0,0,27,1,0,0,0,0,0,0,27,1,0,0,0,0,0,0,27,1,0,0
Chart/8,source_org_jfree_data_time_Week,0,24,0,0,0,0,25,1,0,0,0,0,0,0,25,1,0,0,0,0,0,0,25,1,0,0
Chart/9,source_org_jfree_data_time_TimeSeries,0,43,0,0,0,0,44,1,0,0,0,0,0,0,44,1,0,0,0,0,0,0,44,1,0,0
Cli/1,src_java_org_apache_commons_cli_CommandLine,0,11,0,0,0,0,17,6,0,0,0,0,0,0,16,5,0,1,0,0,0,0,17,6,0,0
Cli/10,src_java_org_apache_commons_cli_Parser,0,11,0,0,0,0,12,1,0,0,0,0,0,0,12,1,0,0,0,0,0,0,12,1,0,0
Cli/11,src_java_org_apache_commons_cli_HelpFormatter,0,38,0,0,0,0,39,1,0,0,0,0,0,0,39,1,0,0,0,0,0,0,39,1,0,0
Cli/12,src_java_org_apache_commons_cli_GnuParser,0,0,0,0,0,0,1,1,0,0,0,0,0,0,1,1,0,0,0,0,0,0,1,1,0,0
Cli/13,src_java_org_apache_commons_cli2_WriteableCommandLine,0,7,0,0,0,0,7,0,0,0,0,0,0,0,7,0,0,0,0,0,0,0,7,0,0,0
Cli/13,src_java_org_apache_commons_cli2_commandline_WriteableCommandLineImpl,0,18,0,0,0,0,18,0,0,0,0,0,0,0,18,0,0,0,0,0,0,0,18,0,0,0
Cli/13,src_java_org_apache_commons_cli2_option_ArgumentImpl,0,22,0,0,0,0,23,1,0,0,0,0,0,0,23,1,0,0,0,0,0,0,23,1,0,0
Cli/14,src_java_org_apache_commons_cli2_option_GroupImpl,0,20,0,0,0,0,21,1,0,0,0,0,0,0,21,1,0,0,0,0,0,0,21,1,0,0
Cli/15,src_java_org_apache_commons_cli2_commandline_WriteableCommandLineImpl,0,21,0,0,0,0,22,1,0,0,0,0,0,0,22,1,0,0,0,0,0,0,22,1,0,0
Cli/16,src_java_org_apache_commons_cli2_Option,0,14,0,0,0,0,14,0,0,0,0,0,0,0,14,0,0,0,0,0,0,0,14,0,0,0
Cli/16,src_java_org_apache_commons_cli2_commandline_WriteableCommandLineImpl,0,21,0,0,0,0,22,1,0,0,0,0,0,0,22,1,0,0,0,0,0,0,22,1,0,0
Cli/16,src_java_org_apache_commons_cli2_option_GroupImpl,0,20,0,0,0,0,21,1,0,0,0,0,0,0,21,1,0,0,0,0,0,0,21,1,0,0
Cli/16,src_java_org_apache_commons_cli2_option_OptionImpl,0,12,0,0,0,0,12,0,0,0,0,0,0,0,12,0,0,0,0,0,0,0,12,0,0,0
Cli/17,src_java_org_apache_commons_cli_PosixParser,0,6,0,0,0,0,7,1,0,0,0,0,0,0,7,1,0,0,0,0,0,0,7,1,0,0
Cli/18,src_java_org_apache_commons_cli_PosixParser,0,4,0,0,0,0,6,2,0,0,0,0,0,0,6,2,0,0,0,0,0,0,6,2,0,0
Cli/19,src_java_org_apache_commons_cli_PosixParser,0,5,0,0,0,0,6,1,0,0,0,0,0,0,6,1,0,0,0,0,0,0,6,1,0,0
Cli/2,src_java_org_apache_commons_cli_PosixParser,0,6,0,0,0,0,7,1,0,0,0,0,0,0,7,1,0,0,0,0,0,0,7,1,0,0
Cli/20,src_java_org_apache_commons_cli_PosixParser,0,5,0,0,0,0,6,1,0,0,0,0,0,0,6,1,0,0,0,0,0,0,6,1,0,0
Cli/21,src_java_org_apache_commons_cli2_WriteableCommandLine,0,9,0,0,0,0,9,0,0,0,0,0,0,0,9,0,0,0,0,0,0,0,9,0,0,0
Cli/21,src_java_org_apache_commons_cli2_commandline_WriteableCommandLineImpl,0,20,0,0,0,0,22,2,0,0,0,0,0,0,22,2,0,0,0,0,0,0,22,2,0,0
Cli/21,src_java_org_apache_commons_cli2_option_GroupImpl,0,21,0,0,0,0,22,1,0,0,0,0,0,0,22,1,0,0,0,0,0,0,22,1,0,0
Cli/22,src_java_org_apache_commons_cli_PosixParser,0,2,0,0,0,0,6,4,0,0,0,0,0,0,6,4,0,0,0,0,0,0,6,4,0,0
Cli/23,src_java_org_apache_commons_cli_HelpFormatter,0,38,0,0,0,0,39,1,0,0,0,0,0,0,39,1,0,0,0,0,0,0,39,1,0,0
Cli/24,src_java_org_apache_commons_cli_HelpFormatter,0,38,0,0,0,0,39,1,0,0,0,0,0,0,39,1,0,0,0,0,0,0,39,1,0,0
Cli/25,src_java_org_apache_commons_cli_HelpFormatter,0,38,0,0,0,0,39,1,0,0,0,0,0,0,39,1,0,0,0,0,0,0,39,1,0,0
Cli/26,src_java_org_apache_commons_cli_OptionBuilder,0,19,0,0,0,0,20,1,0,0,0,0,0,0,20,1,0,0,0,0,0,0,20,1,0,0
Cli/27,src_java_org_apache_commons_cli_OptionGroup,0,7,0,0,0,0,8,1,0,0,0,0,0,0,8,1,0,0,0,0,0,0,8,1,0,0
Cli/28,src_java_org_apache_commons_cli_Parser,0,11,0,0,0,0,12,1,0,0,0,0,0,0,12,1,0,0,0,0,0,0,12,1,0,0
Cli/29,src_java_org_apache_commons_cli_Util,0,1,0,0,0,0,2,1,0,0,0,0,0,0,2,1,0,0,0,0,0,0,2,1,0,0
Cli/3,src_java_org_apache_commons_cli_TypeHandler,0,8,0,0,0,0,9,1,0,0,0,0,0,0,9,1,0,0,0,0,0,0,9,1,0,0
Cli/30,src_main_java_org_apache_commons_cli_DefaultParser,0,22,0,0,0,0,23,1,0,0,0,0,0,0,23,1,0,0,0,0,0,0,23,1,0,0
Cli/30,src_main_java_org_apache_commons_cli_Parser,0,12,0,0,0,0,13,1,0,0,0,0,0,0,13,1,0,0,0,0,0,0,13,1,0,0
Cli/31,src_main_java_org_apache_commons_cli_HelpFormatter,0,40,0,0,0,0,41,1,0,0,0,0,0,0,41,1,0,0,0,0,0,0,41,1,0,0
Cli/31,src_main_java_org_apache_commons_cli_Option,0,44,0,0,0,0,44,0,0,0,0,0,0,0,44,0,0,0,0,0,0,0,44,0,0,0
Cli/31,src_main_java_org_apache_commons_cli_OptionBuilder,0,19,0,0,0,0,20,1,0,0,0,0,0,0,20,1,0,0,0,0,0,0,20,1,0,0
Cli/32,src_main_java_org_apache_commons_cli_HelpFormatter,0,40,0,0,0,0,41,1,0,0,0,0,0,0,41,1,0,0,0,0,0,0,41,1,0,0
Cli/33,src_main_java_org_apache_commons_cli_HelpFormatter,0,40,0,0,0,0,41,1,0,0,0,0,0,0,41,1,0,0,0,0,0,0,41,1,0,0
Cli/34,src_main_java_org_apache_commons_cli_Option,0,44,0,0,0,0,44,0,0,0,0,0,0,0,44,0,0,0,0,0,0,0,44,0,0,0
Cli/34,src_main_java_org_apache_commons_cli_OptionBuilder,0,19,0,0,0,0,20,1,0,0,0,0,0,0,20,1,0,0,0,0,0,0,20,1,0,0
Cli/35,src_main_java_org_apache_commons_cli_Options,0,15,0,0,0,0,16,1,0,0,0,0,0,0,16,1,0,0,0,0,0,0,16,1,0,0
Cli/36,src_main_java_org_apache_commons_cli_OptionGroup,0,8,0,0,0,0,8,0,0,0,0,0,0,0,8,0,0,0,0,0,0,0,8,0,0,0
Cli/36,src_main_java_org_apache_commons_cli_Options,0,16,0,0,0,0,16,0,0,0,0,0,0,0,16,0,0,0,0,0,0,0,16,0,0,0
Cli/37,src_main_java_org_apache_commons_cli_DefaultParser,0,22,0,0,0,0,23,1,0,0,0,0,0,0,22,0,0,1,0,0,0,0,23,1,0,0
Cli/38,src_main_java_org_apache_commons_cli_DefaultParser,0,22,0,0,0,0,23,1,0,0,0,0,0,0,23,1,0,0,0,0,0,0,23,1,0,0
Cli/39,src_main_java_org_apache_commons_cli_TypeHandler,0,8,0,0,0,0,9,1,0,0,0,0,0,0,9,1,0,0,0,0,0,0,9,1,0,0
Cli/4,src_java_org_apache_commons_cli_Parser,0,8,0,0,0,0,9,1,0,0,0,0,0,0,9,1,0,0,0,0,0,0,9,1,0,0
Cli/40,src_main_java_org_apache_commons_cli_TypeHandler,0,9,0,0,0,0,10,1,0,0,0,0,0,0,10,1,0,0,0,0,0,0,10,1,0,0
Cli/5,src_java_org_apache_commons_cli_Util,0,1,0,0,0,0,2,1,0,0,0,0,0,0,2,1,0,0,0,0,0,0,2,1,0,0
Cli/7,src_java_org_apache_commons_cli2_builder_PatternBuilder,0,7,0,0,0,0,7,0,0,0,0,0,0,0,7,0,0,0,0,0,0,0,7,0,0,0
Cli/8,src_java_org_apache_commons_cli_HelpFormatter,0,36,0,0,0,0,37,1,0,0,0,0,0,0,37,1,0,0,0,0,0,0,37,1,0,0
Cli/9,src_java_org_apache_commons_cli_Parser,0,11,0,0,0,0,12,1,0,0,0,0,0,0,12,1,0,0,0,0,0,0,12,1,0,0
Closure/1,src_com_google_javascript_jscomp_RemoveUnusedVars,0,30,0,0,0,0,31,1,0,0,0,0,0,0,31,1,0,0,0,0,0,0,31,1,0,0
Closure/10,src_com_google_javascript_jscomp_NodeUtil,0,165,0,0,0,0,166,1,0,0,0,0,0,0,166,1,0,0,0,0,0,0,166,1,0,0
Closure/100,src_com_google_javascript_jscomp_CheckGlobalThis,0,3,0,0,0,0,5,2,0,0,0,0,0,0,5,2,0,0,0,0,0,0,5,2,0,0
Closure/101,src_com_google_javascript_jscomp_CommandLineRunner,0,11,0,0,0,0,12,1,0,0,0,0,0,0,12,1,0,0,0,0,0,0,12,1,0,0
Closure/102,src_com_google_javascript_jscomp_Normalize,0,22,0,0,0,0,23,1,0,0,0,0,0,0,23,1,0,0,0,0,0,0,23,1,0,0
Closure/103,src_com_google_javascript_jscomp_ControlFlowAnalysis,0,41,0,0,0,0,42,1,0,0,0,0,0,0,42,1,0,0,0,0,0,0,42,1,0,0
Closure/103,src_com_google_javascript_jscomp_DisambiguateProperties,0,68,0,0,0,0,69,1,0,0,0,0,0,0,69,1,0,0,0,0,0,0,69,1,0,0
Closure/104,src_com_google_javascript_rhino_jstype_UnionType,0,29,0,0,0,0,30,1,0,0,0,0,0,0,30,1,0,0,0,0,0,0,30,1,0,0
Closure/105,src_com_google_javascript_jscomp_FoldConstants,0,45,0,0,0,0,46,1,0,0,0,0,0,0,46,1,0,0,0,0,0,0,46,1,0,0
Closure/106,src_com_google_javascript_jscomp_GlobalNamespace,0,48,0,0,0,0,49,1,0,0,0,0,0,0,49,1,0,0,0,0,0,0,49,1,0,0
Closure/106,src_com_google_javascript_rhino_JSDocInfoBuilder,0,50,0,0,0,0,51,1,0,0,0,0,0,0,51,1,0,0,0,0,0,0,51,1,0,0
Closure/107,src_com_google_javascript_jscomp_CommandLineRunner,0,27,0,0,0,0,28,1,0,0,0,0,0,0,28,1,0,0,0,0,0,0,28,1,0,0
Closure/108,src_com_google_javascript_jscomp_ScopedAliases,0,24,0,0,0,0,27,3,0,0,0,0,0,0,27,3,0,0,0,0,0,0,27,3,0,0
Closure/109,src_com_google_javascript_jscomp_parsing_JsDocInfoParser,0,75,0,0,0,0,76,1,0,0,0,0,0,0,76,1,0,0,0,0,0,0,76,1,0,0
Closure/11,src_com_google_javascript_jscomp_TypeCheck,0,40,0,0,0,0,41,1,0,0,0,0,0,0,41,1,0,0,0,0,0,0,41,1,0,0
Closure/110,src_com_google_javascript_jscomp_ScopedAliases,0,26,0,0,0,0,27,1,0,0,0,0,0,0,27,1,0,0,0,0,0,0,27,1,0,0
Closure/110,src_com_google_javascript_rhino_Node,0,264,0,0,0,0,265,1,0,0,0,0,0,0,265,1,0,0,0,0,0,0,265,1,0,0
Closure/111,src_com_google_javascript_jscomp_type_ClosureReverseAbstractInterpreter,0,21,0,0,0,0,22,1,0,0,0,0,0,0,22,1,0,0,0,0,0,0,22,1,0,0
Closure/112,src_com_google_javascript_jscomp_TypeInference,0,54,0,0,0,0,55,1,0,0,0,0,0,0,55,1,0,0,0,0,0,0,55,1,0,0
Closure/113,src_com_google_javascript_jscomp_ProcessClosurePrimitives,0,43,0,0,0,0,44,1,0,0,0,0,0,0,44,1,0,0,0,0,0,0,44,1,0,0
Closure/114,src_com_google_javascript_jscomp_NameAnalyzer,0,70,0,0,0,0,71,1,0,0,0,0,0,0,71,1,0,0,0,0,0,0,71,1,0,0
Closure/115,src_com_google_javascript_jscomp_FunctionInjector,0,28,0,0,0,0,29,1,0,0,0,0,0,0,29,1,0,0,0,0,0,0,29,1,0,0
Closure/116,src_com_google_javascript_jscomp_FunctionInjector,0,28,0,0,0,0,29,1,0,0,0,0,0,0,29,1,0,0,0,0,0,0,29,1,0,0
Closure/117,src_com_google_javascript_jscomp_TypeValidator,0,37,0,0,0,0,38,1,0,0,0,0,0,0,38,1,0,0,0,0,0,0,38,1,0,0
Closure/118,src_com_google_javascript_jscomp_DisambiguateProperties,0,70,0,0,0,0,71,1,0,0,0,0,0,0,71,1,0,0,0,0,0,0,71,1,0,0
Closure/119,src_com_google_javascript_jscomp_GlobalNamespace,0,78,0,0,0,0,79,1,0,0,0,0,0,0,79,1,0,0,0,0,0,0,79,1,0,0
Closure/12,src_com_google_javascript_jscomp_MaybeReachingVariableUse,0,14,0,0,0,0,15,1,0,0,0,0,0,0,15,1,0,0,0,0,0,0,14,0,0,1
Closure/120,src_com_google_javascript_jscomp_ReferenceCollectingCallback,0,54,0,0,0,0,55,1,0,0,0,0,0,0,55,1,0,0,0,0,0,0,55,1,0,0
Closure/121,src_com_google_javascript_jscomp_InlineVariables,0,27,0,0,0,0,28,1,0,0,0,0,0,0,28,1,0,0,0,0,0,0,28,1,0,0
Closure/122,src_com_google_javascript_jscomp_parsing_IRFactory,0,88,0,0,0,0,89,1,0,0,0,0,0,0,89,1,0,0,0,0,0,0,89,1,0,0
Closure/123,src_com_google_javascript_jscomp_CodeGenerator,0,33,0,0,0,0,34,1,0,0,0,0,0,0,34,1,0,0,0,0,0,0,34,1,0,0
Closure/124,src_com_google_javascript_jscomp_ExploitAssigns,0,5,0,0,0,0,6,1,0,0,0,0,0,0,6,1,0,0,0,0,0,0,6,1,0,0
Closure/125,src_com_google_javascript_jscomp_TypeCheck,0,43,0,0,0,0,44,1,0,0,0,0,0,0,44,1,0,0,0,0,0,0,44,1,0,0
Closure/126,src_com_google_javascript_jscomp_MinimizeExitPoints,0,6,0,0,0,0,7,1,0,0,0,0,0,0,7,1,0,0,0,0,0,0,7,1,0,0
Closure/127,src_com_google_javascript_jscomp_UnreachableCodeElimination,0,8,0,0,0,0,9,1,0,0,0,0,0,0,9,1,0,0,0,0,0,0,9,1,0,0
Closure/128,src_com_google_javascript_jscomp_CodeGenerator,0,33,0,0,0,0,34,1,0,0,0,0,0,0,34,1,0,0,0,0,0,0,34,1,0,0
Closure/129,src_com_google_javascript_jscomp_PrepareAst,0,12,0,0,0,0,13,1,0,0,0,0,0,0,13,1,0,0,0,0,0,0,13,1,0,0
Closure/13,src_com_google_javascript_jscomp_PeepholeOptimizationsPass,0,16,0,0,0,0,17,1,0,0,0,0,0,0,17,1,0,0,0,0,0,0,17,1,0,0
Closure/130,src_com_google_javascript_jscomp_CollapseProperties,0,23,0,0,0,0,24,1,0,0,0,0,0,0,24,1,0,0,0,0,0,0,24,1,0,0
Closure/131,src_com_google_javascript_rhino_TokenStream,0,1,0,0,0,0,2,1,0,0,0,0,0,0,2,1,0,0,0,0,0,0,2,1,0,0
Closure/132,src_com_google_javascript_jscomp_PeepholeSubstituteAlternateSyntax,0,50,0,0,0,0,51,1,0,0,0,0,0,0,51,1,0,0,0,0,0,0,51,1,0,0
Closure/133,src_com_google_javascript_jscomp_parsing_JsDocInfoParser,0,66,0,0,0,0,67,1,0,0,0,0,0,0,67,1,0,0,0,0,0,0,67,1,0,0
Closure/134,src_com_google_javascript_jscomp_AmbiguateProperties,0,31,0,0,0,0,35,4,0,0,0,0,0,0,35,4,0,0,0,0,0,0,35,4,0,0
Closure/134,src_com_google_javascript_jscomp_TypedScopeCreator,0,36,0,0,0,0,37,1,0,0,0,0,0,0,37,1,0,0,0,0,0,0,37,1,0,0
Closure/135,src_com_google_javascript_jscomp_DevirtualizePrototypeMethods,0,10,0,0,0,0,11,1,0,0,0,0,0,0,11,1,0,0,0,0,0,0,11,1,0,0
Closure/135,src_com_google_javascript_rhino_jstype_FunctionType,0,49,0,0,0,0,50,1,0,0,0,0,0,0,50,1,0,0,0,0,0,0,50,1,0,0
Closure/136,src_com_google_javascript_jscomp_MethodCompilerPass,0,11,0,0,0,0,12,1,0,0,0,0,0,0,12,1,0,0,0,0,0,0,12,1,0,0
Closure/136,src_com_google_javascript_jscomp_RenameVars,0,16,0,0,0,0,17,1,0,0,0,0,0,0,17,1,0,0,0,0,0,0,17,1,0,0
Closure/137,src_com_google_javascript_jscomp_MakeDeclaredNamesUnique,0,29,0,0,0,0,34,5,0,0,0,0,0,0,33,4,0,1,0,0,0,0,32,3,2,2
Closure/137,src_com_google_javascript_jscomp_NodeUtil,0,111,0,0,0,0,111,0,0,0,0,0,0,0,111,0,0,0,0,0,0,0,111,0,0,0
Closure/137,src_com_google_javascript_jscomp_Normalize,0,24,0,0,0,0,25,1,0,0,0,0,0,0,25,1,0,0,0,0,0,0,25,1,0,0
Closure/138,src_com_google_javascript_jscomp_ClosureReverseAbstractInterpreter,0,20,0,0,0,0,21,1,0,0,0,0,0,0,21,1,0,0,0,0,0,0,21,1,0,0
Closure/138,src_com_google_javascript_jscomp_TypeInference,0,41,0,0,0,0,42,1,0,0,0,0,0,0,42,1,0,0,0,0,0,0,42,1,0,0
Closure/139,src_com_google_javascript_jscomp_Normalize,0,22,0,0,0,0,26,4,0,0,0,0,0,0,26,4,0,0,0,0,0,0,26,4,0,0
Closure/14,src_com_google_javascript_jscomp_ControlFlowAnalysis,0,44,0,0,0,0,45,1,0,0,0,0,0,0,45,1,0,0,0,0,0,0,45,1,0,0
Closure/140,src_com_google_javascript_jscomp_Compiler,0,127,0,0,0,0,129,2,0,0,0,0,0,0,129,2,0,0,0,0,0,0,129,2,0,0
Closure/141,src_com_google_javascript_jscomp_NodeUtil,0,111,0,0,0,0,112,1,0,0,0,0,0,0,112,1,0,0,0,0,0,0,112,1,0,0
Closure/141,src_com_google_javascript_jscomp_PureFunctionIdentifier,0,31,0,0,0,0,32,1,0,0,0,0,0,0,32,1,0,0,0,0,0,0,32,1,0,0
Closure/142,src_com_google_javascript_jscomp_CoalesceVariableNames,0,20,0,0,0,0,21,1,0,0,0,0,0,0,21,1,0,0,0,0,0,0,21,1,0,0
Closure/142,src_com_google_javascript_jscomp_parsing_JsDocInfoParser,0,58,0,0,0,0,59,1,0,0,0,0,0,0,59,1,0,0,0,0,0,0,59,1,0,0
Closure/143,src_com_google_javascript_jscomp_AbstractCommandLineRunner,0,59,0,0,0,0,60,1,0,0,0,0,0,0,60,1,0,0,0,0,0,0,60,1,0,0
Closure/143,src_com_google_javascript_jscomp_RemoveConstantExpressions,0,8,0,0,0,0,9,1,0,0,0,0,0,0,9,1,0,0,0,0,0,0,9,1,0,0
Closure/144,src_com_google_javascript_jscomp_FunctionTypeBuilder,0,17,0,0,0,0,19,2,0,0,0,0,0,0,19,2,0,0,0,0,0,0,19,2,0,0
Closure/144,src_com_google_javascript_jscomp_TypedScopeCreator,0,43,0,0,0,0,44,1,0,0,0,0,0,0,44,1,0,0,0,0,0,0,44,1,0,0
Closure/144,src_com_google_javascript_rhino_jstype_FunctionBuilder,0,13,0,0,0,0,13,0,0,0,0,0,0,0,13,0,0,0,0,0,0,0,13,0,0,0
Closure/144,src_com_google_javascript_rhino_jstype_FunctionType,0,54,0,0,0,0,55,1,0,0,0,0,0,0,55,1,0,0,0,0,0,0,55,1,0,0
Closure/145,src_com_google_javascript_jscomp_CodeGenerator,0,29,0,0,0,0,30,1,0,0,0,0,0,0,29,0,0,1,0,0,0,0,30,1,0,0
Closure/146,src_com_google_javascript_rhino_jstype_JSType,0,82,0,0,0,0,83,1,0,0,0,0,0,0,83,1,0,0,0,0,0,0,83,1,0,0
Closure/147,src_com_google_javascript_jscomp_CheckGlobalThis,0,4,0,0,0,0,5,1,0,0,0,0,0,0,5,1,0,0,0,0,0,0,5,1,0,0
Closure/147,src_com_google_javascript_jscomp_RuntimeTypeCheck,0,19,0,0,0,0,20,1,0,0,0,0,0,0,20,1,0,0,0,0,0,0,20,1,0,0
Closure/148,src_com_google_javascript_jscomp_PeepholeFoldConstants,0,18,0,0,0,0,19,1,0,0,0,0,0,0,19,1,0,0,0,0,0,0,19,1,0,0
Closure/148,src_com_google_javascript_jscomp_SourceMap,0,8,0,0,0,0,19,11,0,0,0,0,0,0,15,7,2,4,0,0,0,0,16,8,2,3
Closure/149,src_com_google_javascript_jscomp_AbstractCommandLineRunner,0,69,0,0,0,0,72,3,0,0,0,0,0,0,72,3,0,0,0,0,0,0,72,3,0,0
Closure/149,src_com_google_javascript_jscomp_CommandLineRunner,0,12,0,0,0,0,13,1,0,0,0,0,0,0,13,1,0,0,0,0,0,0,13,1,0,0
Closure/149,src_com_google_javascript_jscomp_Compiler,0,139,0,0,0,0,140,1,0,0,0,0,0,0,140,1,0,0,0,0,0,0,140,1,0,0
Closure/149,src_com_google_javascript_jscomp_CompilerOptions,0,34,0,0,0,0,34,0,0,0,0,0,0,0,34,0,0,0,0,0,0,0,34,0,0,0
Closure/15,src_com_google_javascript_jscomp_FlowSensitiveInlineVariables,0,18,0,0,0,0,19,1,0,0,0,0,0,0,19,1,0,0,0,0,0,0,19,1,0,0
Closure/150,src_com_google_javascript_jscomp_TypedScopeCreator,0,51,0,0,0,0,52,1,0,0,0,0,0,0,52,1,0,0,0,0,0,0,52,1,0,0
Closure/151,src_com_google_javascript_jscomp_CommandLineRunner,0,12,0,0,0,0,13,1,0,0,0,0,0,0,13,1,0,0,0,0,0,0,13,1,0,0
Closure/152,src_com_google_javascript_rhino_jstype_FunctionType,0,54,0,0,0,0,55,1,0,0,0,0,0,0,55,1,0,0,0,0,0,0,55,1,0,0
Closure/154,src_com_google_javascript_jscomp_TypeCheck,0,39,0,0,0,0,40,1,0,0,0,0,0,0,40,1,0,0,0,0,0,0,40,1,0,0
Closure/154,src_com_google_javascript_jscomp_TypeValidator,0,36,0,0,0,0,37,1,0,0,0,0,0,0,37,1,0,0,0,0,0,0,37,1,0,0
Closure/155,src_com_google_javascript_jscomp_InlineVariables,0,24,0,0,0,0,26,2,0,0,0,0,0,0,26,2,0,0,0,0,0,0,26,2,0,0
Closure/155,src_com_google_javascript_jscomp_ReferenceCollectingCallback,0,43,0,0,0,0,44,1,0,0,0,0,0,0,44,1,0,0,0,0,0,0,44,1,0,0
Closure/155,src_com_google_javascript_jscomp_Scope,0,43,0,0,0,0,43,0,0,0,0,0,0,0,43,0,0,0,0,0,0,0,43,0,0,0
Closure/156,src_com_google_javascript_jscomp_CollapseProperties,0,18,0,0,0,0,23,5,0,0,0,0,0,0,23,5,0,0,0,0,0,0,23,5,0,0
Closure/157,src_com_google_javascript_jscomp_CodeGenerator,0,31,0,0,0,0,32,1,0,0,0,0,0,0,32,1,0,0,0,0,0,0,32,1,0,0
Closure/157,src_com_google_javascript_jscomp_RenamePrototypes,0,15,0,0,0,0,17,2,0,0,0,0,0,0,17,2,0,0,0,0,0,0,17,2,0,0
Closure/157,src_com_google_javascript_jscomp_parsing_IRFactory,0,76,0,0,0,0,77,1,0,0,0,0,0,0,77,1,0,0,0,0,0,0,77,1,0,0
Closure/158,src_com_google_javascript_jscomp_AbstractCommandLineRunner,0,77,0,0,0,0,78,1,0,0,0,0,0,0,78,1,0,0,0,0,0,0,78,1,1,0
Closure/158,src_com_google_javascript_jscomp_CommandLineRunner,0,13,0,0,0,0,15,2,0,0,0,0,0,0,15,2,0,0,0,0,0,0,15,2,0,0
Closure/158,src_com_google_javascript_jscomp_DiagnosticGroups,0,6,0,0,0,0,7,1,0,0,0,0,0,0,7,1,0,0,0,0,0,0,7,1,0,0
Closure/159,src_com_google_javascript_jscomp_InlineFunctions,0,81,0,0,0,0,82,1,0,0,0,0,0,0,82,1,0,0,0,0,0,0,82,1,0,0
Closure/16,src_com_google_javascript_jscomp_ScopedAliases,0,21,0,0,0,0,24,3,0,0,0,0,0,0,24,3,0,0,0,0,0,0,23,2,0,1
Closure/160,src_com_google_javascript_jscomp_Compiler,0,146,0,0,0,0,147,1,0,0,0,0,0,0,147,1,0,0,0,0,0,0,147,1,0,0
Closure/161,src_com_google_javascript_jscomp_PeepholeFoldConstants,0,29,0,0,0,0,30,1,0,0,0,0,0,0,30,1,0,0,0,0,0,0,30,1,0,0
Closure/164,src_com_google_javascript_rhino_jstype_ArrowType,0,13,0,0,0,0,14,1,0,0,0,0,0,0,14,1,0,0,0,0,0,0,14,1,0,0
Closure/165,src_com_google_javascript_rhino_jstype_JSTypeRegistry,0,83,0,0,0,0,84,1,0,0,0,0,0,0,84,1,0,0,0,0,0,0,84,1,0,0
Closure/165,src_com_google_javascript_rhino_jstype_ObjectType,0,65,0,0,0,0,65,0,0,0,0,0,0,0,65,0,0,0,0,0,0,0,65,0,0,0
Closure/165,src_com_google_javascript_rhino_jstype_RecordType,0,6,0,0,0,0,9,3,0,0,0,0,0,0,8,2,1,1,0,0,0,0,8,2,1,1
Closure/165,src_com_google_javascript_rhino_jstype_RecordTypeBuilder,0,5,0,0,0,0,6,1,0,0,0,0,0,0,6,1,0,0,0,0,0,0,6,1,0,0
Closure/166,src_com_google_javascript_rhino_jstype_PrototypeObjectType,0,41,0,0,0,0,42,1,0,0,0,0,0,0,42,1,0,0,0,0,0,0,42,1,0,0
Closure/167,src_com_google_javascript_jscomp_type_SemanticReverseAbstractInterpreter,0,23,0,0,0,0,28,5,0,0,0,0,0,0,28,5,0,0,0,0,0,0,28,5,0,0
Closure/167,src_com_google_javascript_rhino_jstype_JSType,0,108,0,0,0,0,109,1,0,0,0,0,0,0,109,1,0,0,0,0,0,0,109,1,0,0
Closure/168,src_com_google_javascript_jscomp_TypedScopeCreator,0,63,0,0,0,0,64,1,0,0,0,0,0,0,64,1,0,0,0,0,0,0,64,1,0,0
Closure/169,src_com_google_javascript_rhino_jstype_ArrowType,0,14,0,0,0,0,16,2,0,0,0,0,0,0,16,2,0,0,0,0,0,0,16,2,0,0
Closure/169,src_com_google_javascript_rhino_jstype_FunctionType,0,69,0,0,0,0,72,3,0,0,0,0,0,0,72,3,0,0,0,0,0,0,72,3,0,0
Closure/169,src_com_google_javascript_rhino_jstype_JSType,0,110,0,0,0,0,114,4,0,0,0,0,0,0,112,2,0,2,0,0,0,0,114,4,0,0
Closure/169,src_com_google_javascript_rhino_jstype_RecordType,0,8,0,0,0,0,11,3,0,0,0,0,0,0,11,3,0,0,0,0,0,0,11,3,0,0
Closure/169,src_com_google_javascript_rhino_jstype_UnionType,0,37,0,0,0,0,39,2,0,0,0,0,0,0,39,2,0,0,0,0,0,0,39,2,0,0
Closure/17,src_com_google_javascript_jscomp_TypedScopeCreator,0,63,0,0,0,0,64,1,0,0,0,0,0,0,64,1,0,0,0,0,0,0,64,1,0,0
Closure/170,src_com_google_javascript_jscomp_FlowSensitiveInlineVariables,0,18,0,0,0,0,20,2,0,0,0,0,0,0,20,2,0,0,0,0,0,0,20,2,0,0
Closure/171,src_com_google_javascript_jscomp_TypeInference,0,54,0,0,0,0,55,1,0,0,0,0,0,0,55,1,0,0,0,0,0,0,55,1,0,0
Closure/171,src_com_google_javascript_jscomp_TypedScopeCreator,0,66,0,0,0,0,67,1,0,0,0,0,0,0,67,1,0,0,0,0,0,0,67,1,0,0
Closure/172,src_com_google_javascript_jscomp_TypedScopeCreator,0,66,0,0,0,0,67,1,0,0,0,0,0,0,67,1,0,0,0,0,0,0,67,1,0,0
Closure/173,src_com_google_javascript_jscomp_CodeGenerator,0,33,0,0,0,0,34,1,0,0,0,0,0,0,34,1,0,0,0,0,0,0,34,1,0,0
Closure/173,src_com_google_javascript_jscomp_PeepholeSubstituteAlternateSyntax,0,19,0,0,0,0,20,1,0,0,0,0,0,0,20,1,0,0,0,0,0,0,20,1,0,0
Closure/175,src_com_google_javascript_jscomp_FunctionInjector,0,27,0,0,0,0,29,2,0,0,0,0,0,0,29,2,0,0,0,0,0,0,29,2,0,0
Closure/18,src_com_google_javascript_jscomp_Compiler,0,173,0,0,0,0,174,1,0,0,0,0,0,0,174,1,0,0,0,0,0,0,174,1,0,0
Closure/19,src_com_google_javascript_jscomp_type_ChainableReverseAbstractInterpreter,0,77,0,0,0,0,78,1,0,0,0,0,0,0,78,1,0,0,0,0,0,0,78,1,0,0
Closure/2,src_com_google_javascript_jscomp_TypeCheck,0,41,0,0,0,0,42,1,0,0,0,0,0,0,42,1,0,0,0,0,0,0,42,1,0,0
Closure/20,src_com_google_javascript_jscomp_PeepholeSubstituteAlternateSyntax,0,50,0,0,0,0,51,1,0,0,0,0,0,0,51,1,0,0,0,0,0,0,51,1,0,0
Closure/21,src_com_google_javascript_jscomp_CheckSideEffects,0,8,0,0,0,0,9,1,0,0,0,0,0,0,9,1,0,0,0,0,0,0,9,1,0,0
Closure/22,src_com_google_javascript_jscomp_CheckSideEffects,0,8,0,0,0,0,9,1,0,0,0,0,0,0,9,1,0,0,0,0,0,0,9,1,0,0
Closure/23,src_com_google_javascript_jscomp_PeepholeFoldConstants,0,34,0,0,0,0,35,1,0,0,0,0,0,0,35,1,0,0,0,0,0,0,35,1,0,0
Closure/24,src_com_google_javascript_jscomp_ScopedAliases,0,21,0,0,0,0,22,1,0,0,0,0,0,0,22,1,0,0,0,0,0,0,22,1,0,0
Closure/25,src_com_google_javascript_jscomp_TypeInference,0,46,0,0,0,0,47,1,0,0,0,0,0,0,47,1,0,0,0,0,0,0,47,1,0,0
Closure/26,src_com_google_javascript_jscomp_ProcessCommonJSModules,0,14,0,0,0,0,16,2,0,0,0,0,0,0,16,2,0,0,0,0,0,0,16,2,0,0
Closure/27,src_com_google_javascript_rhino_IR,0,69,0,0,0,0,71,2,0,0,0,0,0,0,71,2,0,0,0,0,0,0,71,2,0,0
Closure/28,src_com_google_javascript_jscomp_InlineCostEstimator,0,10,0,0,0,0,10,0,0,0,0,0,0,0,10,0,0,0,0,0,0,0,10,0,0,0
Closure/29,src_com_google_javascript_jscomp_InlineObjectLiterals,0,11,0,0,0,0,12,1,0,0,0,0,0,0,12,1,0,0,0,0,0,0,12,1,0,0
Closure/3,src_com_google_javascript_jscomp_FlowSensitiveInlineVariables,0,17,0,0,0,0,20,3,0,0,0,0,0,0,20,3,0,0,0,0,0,0,20,3,0,0
Closure/30,src_com_google_javascript_jscomp_FlowSensitiveInlineVariables,0,18,0,0,0,0,19,1,0,0,0,0,0,0,19,1,0,0,0,0,0,0,19,1,0,0
Closure/30,src_com_google_javascript_jscomp_MustBeReachingVariableDef,0,17,0,0,0,0,20,3,0,0,0,0,0,0,20,3,0,0,0,0,0,0,20,3,0,0
Closure/31,src_com_google_javascript_jscomp_Compiler,0,168,0,0,0,0,169,1,0,0,0,0,0,0,169,1,0,0,0,0,0,0,169,1,0,0
Closure/32,src_com_google_javascript_jscomp_parsing_JsDocInfoParser,0,64,0,0,0,0,65,1,0,0,0,0,0,0,65,1,0,0,0,0,0,0,65,1,0,0
Closure/33,src_com_google_javascript_rhino_jstype_PrototypeObjectType,0,40,0,0,0,0,41,1,0,0,0,0,0,0,41,1,0,0,0,0,0,0,41,1,0,0
Closure/34,src_com_google_javascript_jscomp_CodeGenerator,0,32,0,0,0,0,34,2,0,0,0,0,0,0,34,2,0,0,0,0,0,0,34,2,0,0
Closure/34,src_com_google_javascript_jscomp_CodePrinter,0,45,0,0,0,0,46,1,0,0,0,0,0,0,46,1,0,0,0,0,0,0,46,1,0,0
Closure/35,src_com_google_javascript_jscomp_TypeInference,0,46,0,0,0,0,47,1,0,0,0,0,0,0,47,1,0,0,0,0,0,0,47,1,0,0
Closure/36,src_com_google_javascript_jscomp_InlineVariables,0,27,0,0,0,0,28,1,0,0,0,0,0,0,28,1,0,0,0,0,0,0,28,1,0,0
Closure/37,src_com_google_javascript_jscomp_NodeTraversal,0,49,0,0,0,0,50,1,0,0,0,0,0,0,50,1,0,0,0,0,0,0,50,1,0,0
Closure/37,src_com_google_javascript_jscomp_parsing_IRFactory,0,80,0,0,0,0,81,1,0,0,0,0,0,0,81,1,0,0,0,0,0,0,81,1,0,0
Closure/38,src_com_google_javascript_jscomp_CodeConsumer,0,32,0,0,0,0,33,1,0,0,0,0,0,0,33,1,0,0,0,0,0,0,33,1,0,0
Closure/39,src_com_google_javascript_rhino_jstype_PrototypeObjectType,0,39,0,0,0,0,40,1,0,0,0,0,0,0,40,1,0,0,0,0,0,0,40,1,0,0
Closure/4,src_com_google_javascript_rhino_jstype_NamedType,0,21,0,0,0,0,22,1,0,0,0,0,0,0,22,1,0,0,0,0,0,0,22,1,0,0
Closure/40,src_com_google_javascript_jscomp_NameAnalyzer,0,64,0,0,0,0,65,1,0,0,0,0,0,0,65,1,0,0,0,0,0,0,65,1,0,0
Closure/41,src_com_google_javascript_jscomp_FunctionTypeBuilder,0,38,0,0,0,0,40,2,0,0,0,0,0,0,40,2,0,0,0,0,0,0,40,2,0,0
Closure/42,src_com_google_javascript_jscomp_parsing_IRFactory,0,80,0,0,0,0,81,1,0,0,0,0,0,0,81,1,0,0,0,0,0,0,81,1,0,0
Closure/43,src_com_google_javascript_jscomp_TypedScopeCreator,0,62,0,0,0,0,64,2,0,0,0,0,0,0,64,2,0,0,0,0,0,0,64,2,0,0
Closure/44,src_com_google_javascript_jscomp_CodeConsumer,0,32,0,0,0,0,33,1,0,0,0,0,0,0,33,1,0,0,0,0,0,0,33,1,0,0
Closure/45,src_com_google_javascript_jscomp_RemoveUnusedVars,0,29,0,0,0,0,31,2,0,0,0,0,0,0,31,2,0,0,0,0,0,0,31,2,0,0
Closure/46,src_com_google_javascript_rhino_jstype_RecordType,0,9,0,0,0,0,9,0,0,0,0,0,0,0,9,0,0,0,0,0,0,0,9,0,0,0
Closure/47,src_com_google_debugging_sourcemap_SourceMapConsumerV3,0,46,0,0,0,0,47,1,0,0,0,0,0,0,47,1,0,0,0,0,0,0,47,1,0,0
Closure/47,src_com_google_javascript_jscomp_SourceMap,0,16,0,0,0,0,17,1,0,0,0,0,0,0,17,1,0,0,0,0,0,0,17,1,0,0
Closure/48,src_com_google_javascript_jscomp_TypedScopeCreator,0,62,0,0,0,0,63,1,0,0,0,0,0,0,63,1,0,0,0,0,0,0,63,1,0,0
Closure/49,src_com_google_javascript_jscomp_MakeDeclaredNamesUnique,0,40,0,0,0,0,43,3,0,0,0,0,0,0,43,3,0,0,0,0,0,0,43,3,0,0
Closure/5,src_com_google_javascript_jscomp_InlineObjectLiterals,0,11,0,0,0,0,12,1,0,0,0,0,0,0,12,1,0,0,0,0,0,0,12,1,0,0
Closure/50,src_com_google_javascript_jscomp_PeepholeReplaceKnownMethods,0,13,0,0,0,0,14,1,0,0,0,0,0,0,14,1,0,0,0,0,0,0,14,1,0,0
Closure/51,src_com_google_javascript_jscomp_CodeConsumer,0,31,0,0,0,0,32,1,0,0,0,0,0,0,32,1,0,0,0,0,0,0,32,1,0,0
Closure/52,src_com_google_javascript_jscomp_CodeGenerator,0,34,0,0,0,0,35,1,0,0,0,0,0,0,35,1,0,0,0,0,0,0,35,1,0,0
Closure/53,src_com_google_javascript_jscomp_InlineObjectLiterals,0,11,0,0,0,0,12,1,0,0,0,0,0,0,12,1,0,0,0,0,0,0,12,1,0,0
Closure/54,src_com_google_javascript_jscomp_TypedScopeCreator,0,56,0,0,0,0,57,1,0,0,0,0,0,0,57,1,0,0,0,0,0,0,57,1,0,0
Closure/54,src_com_google_javascript_rhino_jstype_FunctionType,0,59,0,0,0,0,61,2,0,0,0,0,0,0,61,2,0,0,0,0,0,0,61,2,0,0
Closure/55,src_com_google_javascript_jscomp_FunctionRewriter,0,27,0,0,0,0,28,1,0,0,0,0,0,0,27,0,0,1,0,0,0,0,28,1,0,0
Closure/56,src_com_google_javascript_jscomp_SourceFile,0,40,0,0,0,0,41,1,0,0,0,0,0,0,41,1,0,0,0,0,0,0,41,1,0,0
Closure/57,src_com_google_javascript_jscomp_ClosureCodingConvention,0,22,0,0,0,0,23,1,0,0,0,0,0,0,23,1,0,0,0,0,0,0,23,1,0,0
Closure/58,src_com_google_javascript_jscomp_LiveVariablesAnalysis,0,18,0,0,0,0,19,1,0,0,0,0,0,0,19,1,0,0,0,0,0,0,19,1,0,0
Closure/59,src_com_google_javascript_jscomp_Compiler,0,149,0,0,0,0,150,1,0,0,0,0,0,0,150,1,0,0,0,0,0,0,150,1,0,0
Closure/6,src_com_google_javascript_jscomp_TypeValidator,0,36,0,0,0,0,38,2,0,0,0,0,0,0,38,2,0,0,0,0,0,0,38,2,0,0
Closure/60,src_com_google_javascript_jscomp_NodeUtil,0,164,0,0,0,0,166,2,0,0,0,0,0,0,166,2,0,0,0,0,0,0,166,2,0,0
Closure/61,src_com_google_javascript_jscomp_NodeUtil,0,165,0,0,0,0,166,1,0,0,0,0,0,0,166,1,0,0,0,0,0,0,166,1,0,0
Closure/62,src_com_google_javascript_jscomp_LightweightMessageFormatter,0,8,0,0,0,0,9,1,0,0,0,0,0,0,9,1,0,0,0,0,0,0,9,1,0,0
Closure/64,src_com_google_javascript_jscomp_Compiler,0,143,0,0,0,0,147,4,0,0,0,0,0,0,147,4,0,0,0,0,0,0,147,4,0,0
Closure/65,src_com_google_javascript_jscomp_CodeGenerator,0,34,0,0,0,0,35,1,0,0,0,0,0,0,35,1,0,0,0,0,0,0,35,1,0,0
Closure/66,src_com_google_javascript_jscomp_TypeCheck,0,40,0,0,0,0,41,1,0,0,0,0,0,0,41,1,0,0,0,0,0,0,41,1,0,0
Closure/67,src_com_google_javascript_jscomp_AnalyzePrototypeProperties,0,43,0,0,0,0,44,1,0,0,0,0,0,0,44,1,0,0,0,0,0,0,44,1,0,0
Closure/68,src_com_google_javascript_jscomp_parsing_JsDocInfoParser,0,61,0,0,0,0,64,3,0,0,0,0,0,0,64,3,0,0,0,0,0,0,64,3,0,0
Closure/69,src_com_google_javascript_jscomp_TypeCheck,0,40,0,0,0,0,41,1,0,0,0,0,0,0,41,1,0,0,0,0,0,0,41,1,0,0
Closure/7,src_com_google_javascript_jscomp_type_ChainableReverseAbstractInterpreter,0,77,0,0,0,0,78,1,0,0,0,0,0,0,78,1,0,0,0,0,0,0,78,1,0,0
Closure/70,src_com_google_javascript_jscomp_TypedScopeCreator,0,58,0,0,0,0,59,1,0,0,0,0,0,0,59,1,0,0,0,0,0,0,59,1,0,0
Closure/71,src_com_google_javascript_jscomp_CheckAccessControls,0,21,0,0,0,0,22,1,0,0,0,0,0,0,22,1,0,0,0,0,0,0,22,1,0,0
Closure/72,src_com_google_javascript_jscomp_FunctionToBlockMutator,0,14,0,0,0,0,15,1,0,0,0,0,0,0,15,1,0,0,0,0,0,0,15,1,0,0
Closure/72,src_com_google_javascript_jscomp_RenameLabels,0,13,0,0,0,0,14,1,0,0,0,0,0,0,14,1,0,0,0,0,0,0,14,1,0,0
Closure/73,src_com_google_javascript_jscomp_CodeGenerator,0,33,0,0,0,0,34,1,0,0,0,0,0,0,34,1,0,0,0,0,0,0,34,1,0,0
Closure/74,src_com_google_javascript_jscomp_PeepholeFoldConstants,0,34,0,0,0,0,35,1,0,0,0,0,0,0,35,1,0,0,0,0,0,0,35,1,0,0
Closure/75,src_com_google_javascript_jscomp_NodeUtil,0,162,0,0,0,0,164,2,0,0,0,0,0,0,164,2,0,0,0,0,0,0,164,2,0,0
Closure/76,src_com_google_javascript_jscomp_DeadAssignmentsElimination,0,10,0,0,0,0,12,2,0,0,0,0,0,0,12,2,0,0,0,0,0,0,12,2,0,0
Closure/77,src_com_google_javascript_jscomp_CodeGenerator,0,31,0,0,0,0,32,1,0,0,0,0,0,0,32,1,0,0,0,0,0,0,32,1,0,0
Closure/78,src_com_google_javascript_jscomp_PeepholeFoldConstants,0,33,0,0,0,0,34,1,0,0,0,0,0,0,34,1,0,0,0,0,0,0,34,1,0,0
Closure/79,src_com_google_javascript_jscomp_Normalize,0,30,0,0,0,0,31,1,0,0,0,0,0,0,31,1,0,0,0,0,0,0,31,1,0,0
Closure/79,src_com_google_javascript_jscomp_VarCheck,0,7,0,0,0,0,8,1,0,0,0,0,0,0,8,1,0,0,0,0,0,0,8,1,0,0
Closure/8,src_com_google_javascript_jscomp_CollapseVariableDeclarations,0,6,0,0,0,0,7,1,0,0,0,0,0,0,7,1,0,0,0,0,0,0,7,1,0,0
Closure/80,src_com_google_javascript_jscomp_NodeUtil,0,162,0,0,0,0,164,2,0,0,0,0,0,0,164,2,0,0,0,0,0,0,164,2,0,0
Closure/81,src_com_google_javascript_jscomp_parsing_IRFactory,0,72,0,0,0,0,73,1,0,0,0,0,0,0,73,1,0,0,0,0,0,0,73,1,0,0
Closure/82,src_com_google_javascript_rhino_jstype_JSType,0,88,0,0,0,0,89,1,0,0,0,0,0,0,89,1,0,0,0,0,0,0,89,1,0,0
Closure/83,src_com_google_javascript_jscomp_CommandLineRunner,0,12,0,0,0,0,13,1,0,0,0,0,0,0,13,1,0,0,0,0,0,0,13,1,0,0
Closure/84,src_com_google_javascript_jscomp_parsing_IRFactory,0,67,0,0,0,0,69,2,0,0,0,0,0,0,69,2,0,0,0,0,0,0,69,2,0,0
Closure/85,src_com_google_javascript_jscomp_UnreachableCodeElimination,0,6,0,0,0,0,8,2,0,0,0,0,0,0,8,2,0,0,0,0,0,0,8,2,0,0
Closure/86,src_com_google_javascript_jscomp_NodeUtil,0,137,0,0,0,0,138,1,0,0,0,0,0,0,138,1,0,0,0,0,0,0,138,1,0,0
Closure/87,src_com_google_javascript_jscomp_PeepholeSubstituteAlternateSyntax,0,26,0,0,0,0,27,1,0,0,0,0,0,0,26,0,0,1,0,0,0,0,27,1,0,0
Closure/88,src_com_google_javascript_jscomp_DeadAssignmentsElimination,0,10,0,0,0,0,11,1,0,0,0,0,0,0,11,1,0,0,0,0,0,0,11,1,0,0
Closure/89,src_com_google_javascript_jscomp_CollapseProperties,0,22,0,0,0,0,23,1,0,0,0,0,0,0,23,1,0,0,0,0,0,0,23,1,0,0
Closure/89,src_com_google_javascript_jscomp_GlobalNamespace,0,49,0,0,0,0,50,1,0,0,0,0,0,0,50,1,0,0,0,0,0,0,50,1,0,0
Closure/9,src_com_google_javascript_jscomp_ProcessCommonJSModules,0,14,0,0,0,0,16,2,0,0,0,0,0,0,16,2,0,0,0,0,0,0,16,2,0,0
Closure/90,src_com_google_javascript_jscomp_FunctionTypeBuilder,0,22,0,0,0,0,23,1,0,0,0,0,0,0,23,1,0,0,0,0,0,0,23,1,0,0
Closure/90,src_com_google_javascript_rhino_jstype_FunctionType,0,54,0,0,0,0,55,1,0,0,0,0,0,0,55,1,0,0,0,0,0,0,55,1,0,0
Closure/91,src_com_google_javascript_jscomp_CheckGlobalThis,0,4,0,0,0,0,5,1,0,0,0,0,0,0,5,1,0,0,0,0,0,0,5,1,0,0
Closure/92,src_com_google_javascript_jscomp_ProcessClosurePrimitives,0,29,0,0,0,0,30,1,0,0,0,0,0,0,30,1,0,0,0,0,0,0,30,1,0,0
Closure/94,src_com_google_javascript_jscomp_NodeUtil,0,127,0,0,0,0,128,1,0,0,0,0,0,0,128,1,0,0,0,0,0,0,128,1,0,0
Closure/95,src_com_google_javascript_jscomp_TypedScopeCreator,0,53,0,0,0,0,54,1,0,0,0,0,0,0,54,1,0,0,0,0,0,0,54,1,0,0
Closure/96,src_com_google_javascript_jscomp_TypeCheck,0,37,0,0,0,0,38,1,0,0,0,0,0,0,38,1,0,0,0,0,0,0,38,1,0,0
Closure/97,src_com_google_javascript_jscomp_PeepholeFoldConstants,0,18,0,0,0,0,19,1,0,0,0,0,0,0,19,1,0,0,0,0,0,0,19,1,0,0
Closure/98,src_com_google_javascript_jscomp_ReferenceCollectingCallback,0,41,0,0,0,0,43,2,0,0,0,0,0,0,43,2,0,0,0,0,0,0,43,2,0,0
Closure/99,src_com_google_javascript_jscomp_CheckGlobalThis,0,4,0,0,0,0,5,1,0,0,0,0,0,0,5,1,0,0,0,0,0,0,5,1,0,0
Codec/1,src_java_org_apache_commons_codec_language_Caverphone,0,4,0,0,0,0,5,1,0,0,0,0,0,0,5,1,0,0,0,0,0,0,5,1,0,0
Codec/1,src_java_org_apache_commons_codec_language_Metaphone,0,11,0,0,0,0,12,1,0,0,0,0,0,0,12,1,0,0,0,0,0,0,12,1,0,0
Codec/1,src_java_org_apache_commons_codec_language_SoundexUtils,0,2,0,0,0,0,3,1,0,0,0,0,0,0,3,1,0,0,0,0,0,0,3,1,0,0
Codec/10,src_java_org_apache_commons_codec_language_Caverphone,0,4,0,0,0,0,5,1,0,0,0,0,0,0,5,1,0,0,0,0,0,0,5,1,0,0
Codec/12,src_main_java_org_apache_commons_codec_binary_BaseNCodecInputStream,0,4,0,0,0,0,4,0,0,0,0,0,0,0,4,0,0,0,0,0,0,0,4,0,0,0
Codec/13,src_main_java_org_apache_commons_codec_binary_StringUtils,0,17,0,0,0,0,17,0,0,0,0,0,0,0,17,0,0,0,0,0,0,0,17,0,0,0
Codec/13,src_main_java_org_apache_commons_codec_language_DoubleMetaphone,0,49,0,0,0,0,50,1,0,0,0,0,0,0,50,1,0,0,0,0,0,0,50,1,0,0
Codec/14,src_main_java_org_apache_commons_codec_language_bm_Lang,0,7,0,0,0,0,7,0,0,0,0,0,0,0,7,0,0,0,0,0,0,0,7,0,0,0
Codec/14,src_main_java_org_apache_commons_codec_language_bm_PhoneticEngine,0,22,0,0,0,0,23,1,0,0,0,0,0,0,23,1,0,0,0,0,0,0,23,1,0,0
Codec/14,src_main_java_org_apache_commons_codec_language_bm_Rule,0,44,0,0,0,0,45,1,0,0,0,0,0,0,45,1,0,0,0,0,0,0,45,1,0,0
Codec/16,src_main_java_org_apache_commons_codec_binary_Base32,0,11,0,0,0,0,11,0,0,0,0,0,0,0,11,0,0,0,0,0,0,0,11,0,0,0
Codec/17,src_main_java_org_apache_commons_codec_binary_StringUtils,0,19,0,0,0,0,20,1,0,0,0,0,0,0,20,1,0,0,0,0,0,0,20,1,0,0
Codec/2,src_java_org_apache_commons_codec_binary_Base64,0,31,0,0,0,0,32,1,0,0,0,0,0,0,32,1,0,0,0,0,0,0,32,1,0,0
Codec/3,src_java_org_apache_commons_codec_language_DoubleMetaphone,0,55,0,0,0,0,56,1,0,0,0,0,0,0,56,1,0,0,0,0,0,0,56,1,0,0
Codec/4,src_java_org_apache_commons_codec_binary_Base64,0,38,0,0,0,0,39,1,0,0,0,0,0,0,39,1,0,0,0,0,0,0,39,1,0,0
Codec/5,src_java_org_apache_commons_codec_binary_Base64,0,38,0,0,0,0,39,1,0,0,0,0,0,0,39,1,0,0,0,0,0,0,39,1,0,0
Codec/6,src_java_org_apache_commons_codec_binary_Base64InputStream,0,5,0,0,0,0,6,1,0,0,0,0,0,0,6,1,0,0,0,0,0,0,6,1,0,0
Codec/7,src_java_org_apache_commons_codec_binary_Base64,0,38,0,0,0,0,39,1,0,0,0,0,0,0,39,1,0,0,0,0,0,0,39,1,0,0
Codec/8,src_java_org_apache_commons_codec_binary_Base64,0,38,0,0,0,0,38,0,0,0,0,0,0,0,38,0,0,0,0,0,0,0,38,0,0,0
Codec/8,src_java_org_apache_commons_codec_binary_Base64InputStream,0,5,0,0,0,0,6,1,0,0,0,0,0,0,6,1,0,0,0,0,0,0,6,1,0,0
Codec/9,src_java_org_apache_commons_codec_binary_Base64,0,39,0,0,0,0,40,1,0,0,0,0,0,0,40,1,0,0,0,0,0,0,40,1,0,0
Collections/25,src_main_java_org_apache_commons_collections4_IteratorUtils,0,64,0,0,0,0,67,3,0,0,0,0,0,0,67,3,0,0,0,0,0,0,67,3,0,0
Collections/26,src_main_java_org_apache_commons_collections4_keyvalue_MultiKey,0,13,0,0,0,0,14,1,0,0,0,0,0,0,14,1,0,0,0,0,0,0,14,1,0,0
Collections/27,src_main_java_org_apache_commons_collections4_map_MultiValueMap,0,36,0,0,0,0,36,0,0,0,0,0,0,0,36,0,0,0,0,0,0,0,36,0,0,0
Collections/28,src_main_java_org_apache_commons_collections4_trie_AbstractPatriciaTrie,0,153,0,0,0,0,153,0,0,0,0,0,0,0,153,0,0,0,0,0,0,0,153,0,0,0
Compress/1,src_main_java_org_apache_commons_compress_archivers_cpio_CpioArchiveOutputStream,0,18,0,0,0,0,19,1,0,0,0,0,0,0,19,1,0,0,0,0,0,0,19,1,0,0
Compress/10,src_main_java_org_apache_commons_compress_archivers_zip_ZipFile,0,30,0,0,0,0,31,1,0,0,0,0,0,0,31,1,0,0,0,0,0,0,31,1,0,0
Compress/11,src_main_java_org_apache_commons_compress_archivers_ArchiveStreamFactory,0,2,0,0,0,0,3,1,0,0,0,0,0,0,3,1,0,0,0,0,0,0,3,1,0,0
Compress/12,src_main_java_org_apache_commons_compress_archivers_tar_TarArchiveInputStream,0,22,0,0,0,0,23,1,0,0,0,0,0,0,23,1,0,0,0,0,0,0,23,1,0,0
Compress/13,src_main_java_org_apache_commons_compress_archivers_zip_ZipArchiveEntry,0,42,0,0,0,0,43,1,0,0,0,0,0,0,42,0,0,1,0,0,0,0,43,1,0,0
Compress/14,src_main_java_org_apache_commons_compress_archivers_tar_TarUtils,0,12,0,0,0,0,13,1,0,0,0,0,0,0,13,1,0,0,0,0,0,0,13,1,0,0
Compress/15,src_main_java_org_apache_commons_compress_archivers_zip_ZipArchiveEntry,0,42,0,0,0,0,43,1,0,0,0,0,0,0,43,1,0,0,0,0,0,0,43,1,0,0
Compress/16,src_main_java_org_apache_commons_compress_archivers_ArchiveStreamFactory,0,2,0,0,0,0,3,1,0,0,0,0,0,0,3,1,0,0,0,0,0,0,3,1,0,0
Compress/17,src_main_java_org_apache_commons_compress_archivers_tar_TarUtils,0,22,0,0,0,0,23,1,0,0,0,0,0,0,23,1,0,0,0,0,0,0,23,1,0,0
Compress/18,src_main_java_org_apache_commons_compress_archivers_tar_TarArchiveOutputStream,0,25,0,0,0,0,26,1,0,0,0,0,0,0,26,1,0,0,0,0,0,0,26,1,0,0
Compress/19,src_main_java_org_apache_commons_compress_archivers_zip_Zip64ExtendedInformationExtraField,0,19,0,0,0,0,20,1,0,0,0,0,0,0,20,1,0,0,0,0,0,0,20,1,0,0
Compress/2,src_main_java_org_apache_commons_compress_archivers_ar_ArArchiveInputStream,0,4,0,0,0,0,8,4,0,0,0,0,0,0,8,4,0,0,0,0,0,0,7,3,0,1
Compress/20,src_main_java_org_apache_commons_compress_archivers_cpio_CpioArchiveInputStream,0,17,0,0,0,0,20,3,0,0,0,0,0,0,20,3,0,0,0,0,0,0,20,3,0,0
Compress/21,src_main_java_org_apache_commons_compress_archivers_sevenz_SevenZOutputFile,0,36,0,0,0,0,37,1,0,0,0,0,0,0,37,1,0,0,0,0,0,0,37,1,0,0
Compress/22,src_main_java_org_apache_commons_compress_compressors_bzip2_BZip2CompressorInputStream,0,24,0,0,0,0,30,6,0,0,0,0,0,0,30,6,0,0,0,0,0,0,30,6,0,0
Compress/23,src_main_java_org_apache_commons_compress_archivers_sevenz_Coders,0,19,0,0,0,0,20,1,0,0,0,0,0,0,20,1,0,0,0,0,0,0,20,1,0,0
Compress/24,src_main_java_org_apache_commons_compress_archivers_tar_TarUtils,0,22,0,0,0,0,23,1,0,0,0,0,0,0,23,1,0,0,0,0,0,0,23,1,0,0
Compress/25,src_main_java_org_apache_commons_compress_archivers_zip_ZipArchiveInputStream,0,38,0,0,0,0,39,1,0,0,0,0,0,0,39,1,0,0,0,0,0,0,39,1,0,0
Compress/26,src_main_java_org_apache_commons_compress_utils_IOUtils,0,7,0,0,0,0,8,1,0,0,0,0,0,0,8,1,0,0,0,0,0,0,8,1,0,0
Compress/27,src_main_java_org_apache_commons_compress_archivers_tar_TarUtils,0,22,0,0,0,0,23,1,0,0,0,0,0,0,23,1,0,0,0,0,0,0,23,1,0,0
Compress/28,src_main_java_org_apache_commons_compress_archivers_tar_TarArchiveInputStream,0,30,0,0,0,0,31,1,0,0,0,0,0,0,31,1,0,0,0,0,0,0,31,1,0,0
Compress/29,src_main_java_org_apache_commons_compress_archivers_ArchiveStreamFactory,0,5,0,0,0,0,7,2,0,0,0,0,0,0,7,2,0,0,0,0,0,0,7,2,0,0
Compress/29,src_main_java_org_apache_commons_compress_archivers_cpio_CpioArchiveInputStream,0,21,0,0,0,0,22,1,0,0,0,0,0,0,22,1,0,0,0,0,0,0,22,1,0,0
Compress/29,src_main_java_org_apache_commons_compress_archivers_cpio_CpioArchiveOutputStream,0,19,0,0,0,0,20,1,0,0,0,0,0,0,20,1,0,0,0,0,0,0,20,1,0,0
Compress/29,src_main_java_org_apache_commons_compress_archivers_dump_DumpArchiveInputStream,0,14,0,0,0,0,15,1,0,0,0,0,0,0,15,1,0,0,0,0,0,0,15,1,0,0
Compress/29,src_main_java_org_apache_commons_compress_archivers_tar_TarArchiveInputStream,0,32,0,0,0,0,33,1,0,0,0,0,0,0,33,1,0,0,0,0,0,0,33,1,0,0
Compress/29,src_main_java_org_apache_commons_compress_archivers_tar_TarArchiveOutputStream,0,33,0,0,0,0,34,1,0,0,0,0,0,0,34,1,0,0,0,0,0,0,34,1,0,0
Compress/29,src_main_java_org_apache_commons_compress_archivers_zip_ZipArchiveInputStream,0,38,0,0,0,0,39,1,0,0,0,0,0,0,39,1,0,0,0,0,0,0,39,1,0,0
Compress/3,src_main_java_org_apache_commons_compress_archivers_tar_TarArchiveOutputStream,0,10,0,0,0,0,13,3,0,0,0,0,0,0,13,3,0,0,0,0,0,0,13,3,0,0
Compress/30,src_main_java_org_apache_commons_compress_compressors_bzip2_BZip2CompressorInputStream,0,29,0,0,0,0,30,1,0,0,0,0,0,0,30,1,0,0,0,0,0,0,30,1,0,0
Compress/31,src_main_java_org_apache_commons_compress_archivers_tar_TarUtils,0,22,0,0,0,0,23,1,0,0,0,0,0,0,23,1,0,0,0,0,0,0,23,1,0,0
Compress/32,src_main_java_org_apache_commons_compress_archivers_tar_TarArchiveInputStream,0,32,0,0,0,0,33,1,0,0,0,0,0,0,33,1,0,0,0,0,0,0,33,1,0,0
Compress/33,src_main_java_org_apache_commons_compress_compressors_CompressorStreamFactory,0,6,0,0,0,0,7,1,0,0,0,0,0,0,7,1,0,0,0,0,0,0,7,1,0,0
Compress/33,src_main_java_org_apache_commons_compress_compressors_deflate_DeflateCompressorInputStream,0,7,0,0,0,0,7,0,0,0,0,0,0,0,7,0,0,0,0,0,0,0,7,0,0,0
Compress/34,src_main_java_org_apache_commons_compress_archivers_zip_X7875_NewUnix,0,17,0,0,0,0,18,1,0,0,0,0,0,0,18,1,0,0,0,0,0,0,18,1,0,0
Compress/35,src_main_java_org_apache_commons_compress_archivers_tar_TarUtils,0,22,0,0,0,0,23,1,0,0,0,0,0,0,23,1,0,0,0,0,0,0,23,1,0,0
Compress/36,src_main_java_org_apache_commons_compress_archivers_sevenz_SevenZFile,0,28,0,0,0,0,29,1,0,0,0,0,0,0,29,1,0,0,0,0,0,0,29,1,0,0
Compress/37,src_main_java_org_apache_commons_compress_archivers_tar_TarArchiveInputStream,0,34,0,0,0,0,35,1,0,0,0,0,0,0,35,1,0,0,0,0,0,0,35,1,0,0
Compress/38,src_main_java_org_apache_commons_compress_archivers_tar_TarArchiveEntry,0,74,0,0,0,0,75,1,0,0,0,0,0,0,75,1,0,0,0,0,0,0,75,1,0,0
Compress/39,src_main_java_org_apache_commons_compress_utils_ArchiveUtils,0,13,0,0,0,0,14,1,0,0,0,0,0,0,14,1,0,0,0,0,0,0,14,1,0,0
Compress/4,src_main_java_org_apache_commons_compress_archivers_cpio_CpioArchiveOutputStream,0,16,0,0,0,0,17,1,0,0,0,0,0,0,17,1,0,0,0,0,0,0,17,1,0,0
Compress/4,src_main_java_org_apache_commons_compress_archivers_tar_TarArchiveOutputStream,0,12,0,0,0,0,13,1,0,0,0,0,0,0,13,1,0,0,0,0,0,0,13,1,0,0
Compress/4,src_main_java_org_apache_commons_compress_archivers_zip_ZipArchiveOutputStream,0,28,0,0,0,0,29,1,0,0,0,0,0,0,29,1,0,0,0,0,0,0,29,1,0,0
Compress/4,src_main_java_org_apache_commons_compress_changes_ChangeSetPerformer,0,3,0,0,0,0,4,1,0,0,0,0,0,0,4,1,0,0,0,0,0,0,4,1,0,0
Compress/40,src_main_java_org_apache_commons_compress_utils_BitInputStream,0,3,0,0,0,0,4,1,0,0,0,0,0,0,4,1,0,0,0,0,0,0,4,1,0,0
Compress/41,src_main_java_org_apache_commons_compress_archivers_zip_ZipArchiveInputStream,0,39,0,0,0,0,40,1,0,0,0,0,0,0,40,1,0,0,0,0,0,0,40,1,0,0
Compress/42,src_main_java_org_apache_commons_compress_archivers_zip_UnixStat,0,0,0,0,0,0,0,0,0,0,0,0,0,0,0,0,0,0,0,0,0,0,0,0,0,0
Compress/42,src_main_java_org_apache_commons_compress_archivers_zip_ZipArchiveEntry,0,57,0,0,0,0,58,1,0,0,0,0,0,0,58,1,0,0,0,0,0,0,58,1,0,0
Compress/43,src_main_java_org_apache_commons_compress_archivers_zip_ZipArchiveOutputStream,0,62,0,0,0,0,66,4,0,0,0,0,0,0,66,4,0,0,0,0,0,0,66,4,0,0
Compress/44,src_main_java_org_apache_commons_compress_utils_ChecksumCalculatingInputStream,0,5,0,0,0,0,6,1,0,0,0,0,0,0,6,1,0,0,0,0,0,0,6,1,0,0
Compress/45,src_main_java_org_apache_commons_compress_archivers_tar_TarUtils,0,22,0,0,0,0,23,1,0,0,0,0,0,0,23,1,0,0,0,0,0,0,23,1,0,0
Compress/46,src_main_java_org_apache_commons_compress_archivers_zip_X5455_ExtendedTimestamp,0,32,0,0,0,0,33,1,0,0,0,0,0,0,33,1,0,0,0,0,0,0,33,1,0,0
Compress/47,src_main_java_org_apache_commons_compress_archivers_zip_ZipArchiveInputStream,0,38,0,0,0,0,40,2,0,0,0,0,0,0,40,2,0,0,0,0,0,0,40,2,0,0
Compress/5,src_main_java_org_apache_commons_compress_archivers_zip_ZipArchiveInputStream,0,11,0,0,0,0,12,1,0,0,0,0,0,0,12,1,0,0,0,0,0,0,12,1,0,0
Compress/6,src_main_java_org_apache_commons_compress_archivers_zip_ZipArchiveEntry,0,33,0,0,0,0,35,2,0,0,0,0,0,0,35,2,0,0,0,0,0,0,35,2,0,0
Compress/7,src_main_java_org_apache_commons_compress_archivers_tar_TarUtils,0,8,0,0,0,0,9,1,0,0,0,0,0,0,9,1,0,0,0,0,0,0,9,1,0,0
Compress/9,src_main_java_org_apache_commons_compress_archivers_tar_TarArchiveOutputStream,0,12,0,0,0,0,13,1,0,0,0,0,0,0,13,1,0,0,0,0,0,0,13,1,0,0
Csv/1,src_main_java_org_apache_commons_csv_ExtendedBufferedReader,0,6,0,0,0,0,7,1,0,0,0,0,0,0,7,1,0,0,0,0,0,0,7,1,0,0
Csv/10,src_main_java_org_apache_commons_csv_CSVPrinter,0,14,0,0,0,0,15,1,0,0,0,0,0,0,15,1,0,0,0,0,0,0,15,1,0,0
Csv/11,src_main_java_org_apache_commons_csv_CSVParser,0,18,0,0,0,0,19,1,0,0,0,0,0,0,19,1,0,0,0,0,0,0,19,1,0,0
Csv/12,src_main_java_org_apache_commons_csv_CSVFormat,0,43,0,0,0,0,43,0,0,0,0,0,0,0,43,0,0,0,0,0,0,0,43,0,0,0
Csv/13,src_main_java_org_apache_commons_csv_CSVFormat,0,58,0,0,0,0,58,0,0,0,0,0,0,0,58,0,0,0,0,0,0,0,58,0,0,0
Csv/13,src_main_java_org_apache_commons_csv_CSVPrinter,0,14,0,0,0,0,15,1,0,0,0,0,0,0,15,1,0,0,0,0,0,0,15,1,0,0
Csv/14,src_main_java_org_apache_commons_csv_CSVFormat,0,74,0,0,0,0,75,1,0,0,0,0,0,0,75,1,0,0,0,0,0,0,75,1,0,0
Csv/15,src_main_java_org_apache_commons_csv_CSVFormat,0,77,0,0,0,0,78,1,0,0,0,0,0,0,78,1,0,0,0,0,0,0,78,1,0,0
Csv/16,src_main_java_org_apache_commons_csv_CSVParser,0,21,0,0,0,0,23,2,0,0,0,0,0,0,22,1,0,1,0,0,0,0,22,1,0,1
Csv/2,src_main_java_org_apache_commons_csv_CSVRecord,0,11,0,0,0,0,12,1,0,0,0,0,0,0,12,1,0,0,0,0,0,0,12,1,0,0
Csv/3,src_main_java_org_apache_commons_csv_Lexer,0,13,0,0,0,0,14,1,0,0,0,0,0,0,14,1,0,0,0,0,0,0,14,1,0,0
Csv/4,src_main_java_org_apache_commons_csv_CSVParser,0,17,0,0,0,0,18,1,0,0,0,0,0,0,18,1,0,0,0,0,0,0,18,1,0,0
Csv/5,src_main_java_org_apache_commons_csv_CSVPrinter,0,14,0,0,0,0,15,1,0,0,0,0,0,0,15,1,0,0,0,0,0,0,15,1,0,0
Csv/6,src_main_java_org_apache_commons_csv_CSVRecord,0,15,0,0,0,0,16,1,0,0,0,0,0,0,16,1,0,0,0,0,0,0,16,1,0,0
Csv/7,src_main_java_org_apache_commons_csv_CSVParser,0,18,0,0,0,0,19,1,0,0,0,0,0,0,19,1,0,0,0,0,0,0,19,1,0,0
Csv/8,src_main_java_org_apache_commons_csv_CSVFormat,0,38,0,0,0,0,40,2,0,0,0,0,0,0,40,2,0,0,0,0,0,0,40,2,0,0
Csv/9,src_main_java_org_apache_commons_csv_CSVRecord,0,15,0,0,0,0,16,1,0,0,0,0,0,0,16,1,0,0,0,0,0,0,16,1,0,0
Gson/1,gson_src_main_java_com_google_gson_TypeInfoFactory,0,5,0,0,0,0,6,1,0,0,0,0,0,0,6,1,0,0,0,0,0,0,6,1,0,0
Gson/10,gson_src_main_java_com_google_gson_internal_bind_ReflectiveTypeAdapterFactory,0,15,0,0,0,0,17,2,0,0,0,0,0,0,17,2,0,0,0,0,0,0,17,2,0,0
Gson/11,gson_src_main_java_com_google_gson_internal_bind_TypeAdapters,0,79,0,0,0,0,80,1,0,0,0,0,0,0,80,1,0,0,0,0,0,0,80,1,0,0
Gson/12,gson_src_main_java_com_google_gson_internal_bind_JsonTreeReader,0,25,0,0,0,0,26,1,0,0,0,0,0,0,26,1,0,0,0,0,0,0,26,1,0,0
Gson/13,gson_src_main_java_com_google_gson_stream_JsonReader,0,38,0,0,0,0,39,1,0,0,0,0,0,0,39,1,0,0,0,0,0,0,39,1,0,0
Gson/14,gson_src_main_java_com_google_gson_internal_$Gson$Types,0,37,0,0,0,0,39,2,0,0,0,0,0,0,39,2,0,0,0,0,0,0,39,2,0,0
Gson/15,gson_src_main_java_com_google_gson_stream_JsonWriter,0,32,0,0,0,0,33,1,0,0,0,0,0,0,33,1,0,0,0,0,0,0,33,1,0,0
Gson/16,gson_src_main_java_com_google_gson_internal_$Gson$Types,0,39,0,0,0,0,40,1,0,0,0,0,0,0,40,1,0,0,0,0,0,0,40,1,0,0
Gson/17,gson_src_main_java_com_google_gson_DefaultDateTypeAdapter,0,9,0,0,0,0,10,1,0,0,0,0,0,0,10,1,0,0,0,0,0,0,10,1,0,0
Gson/18,gson_src_main_java_com_google_gson_internal_$Gson$Types,0,39,0,0,0,0,40,1,0,0,0,0,0,0,40,1,0,0,0,0,0,0,40,1,0,0
Gson/2,gson_src_main_java_com_google_gson_internal_bind_TypeAdapters,0,68,0,0,0,0,70,2,0,0,0,0,0,0,70,2,0,0,0,0,0,0,70,2,0,0
Gson/3,gson_src_main_java_com_google_gson_internal_ConstructorConstructor,0,17,0,0,0,0,18,1,0,0,0,0,0,0,18,1,0,0,0,0,0,0,18,1,0,0
Gson/4,gson_src_main_java_com_google_gson_stream_JsonReader,0,39,0,0,0,0,40,1,0,0,0,0,0,0,40,1,0,0,0,0,0,0,40,1,0,0
Gson/4,gson_src_main_java_com_google_gson_stream_JsonWriter,0,23,0,0,0,0,32,9,0,0,0,0,0,0,32,9,0,0,0,0,0,0,32,9,0,0
Gson/5,gson_src_main_java_com_google_gson_internal_bind_util_ISO8601Utils,0,7,0,0,0,0,8,1,0,0,0,0,0,0,8,1,0,0,0,0,0,0,8,1,0,0
Gson/6,gson_src_main_java_com_google_gson_internal_bind_JsonAdapterAnnotationTypeAdapterFactory,0,2,0,0,0,0,3,1,0,0,0,0,0,0,3,1,0,0,0,0,0,0,3,1,0,0
Gson/7,gson_src_main_java_com_google_gson_stream_JsonReader,0,38,0,0,0,0,40,2,0,0,0,0,0,0,40,2,0,0,0,0,0,0,40,2,0,0
Gson/8,gson_src_main_java_com_google_gson_internal_UnsafeAllocator,0,2,0,0,0,0,6,4,0,0,0,0,0,0,6,4,0,0,0,0,0,0,6,4,0,0
Gson/9,gson_src_main_java_com_google_gson_internal_bind_JsonTreeWriter,0,20,0,0,0,0,20,0,0,0,0,0,0,0,20,0,0,0,0,0,0,0,20,0,0,0
Gson/9,gson_src_main_java_com_google_gson_internal_bind_TypeAdapters,0,79,0,0,0,0,80,1,0,0,0,0,0,0,80,1,0,0,0,0,0,0,80,1,0,0
Gson/9,gson_src_main_java_com_google_gson_stream_JsonWriter,0,32,0,0,0,0,32,0,0,0,0,0,0,0,32,0,0,0,0,0,0,0,32,0,0,0
JacksonCore/1,src_main_java_com_fasterxml_jackson_core_io_NumberInput,0,11,0,0,0,0,13,2,0,0,0,0,0,0,13,2,0,0,0,0,0,0,13,2,0,0
JacksonCore/1,src_main_java_com_fasterxml_jackson_core_util_TextBuffer,0,30,0,0,0,0,31,1,0,0,0,0,0,0,31,1,0,0,0,0,0,0,31,1,0,0
JacksonCore/10,src_main_java_com_fasterxml_jackson_core_sym_ByteQuadsCanonicalizer,0,46,0,0,0,0,48,2,0,0,0,0,0,0,48,2,0,0,0,0,0,0,48,2,0,0
JacksonCore/11,src_main_java_com_fasterxml_jackson_core_sym_ByteQuadsCanonicalizer,0,47,0,0,0,0,48,1,0,0,0,0,0,0,48,1,0,0,0,0,0,0,48,1,0,0
JacksonCore/12,src_main_java_com_fasterxml_jackson_core_json_ReaderBasedJsonParser,0,67,0,0,0,0,73,6,0,0,0,0,0,0,73,6,0,0,0,0,0,0,73,6,0,0
JacksonCore/12,src_main_java_com_fasterxml_jackson_core_json_UTF8StreamJsonParser,0,98,0,0,0,0,99,1,0,0,0,0,0,0,99,1,0,0,0,0,0,0,99,1,0,0
JacksonCore/13,src_main_java_com_fasterxml_jackson_core_json_JsonGeneratorImpl,0,10,0,0,0,0,10,0,0,0,0,0,0,0,10,0,0,0,0,0,0,0,10,0,0,0
JacksonCore/14,src_main_java_com_fasterxml_jackson_core_io_IOContext,0,23,0,0,0,0,26,3,0,0,0,0,0,0,26,3,0,0,0,0,0,0,26,3,0,0
JacksonCore/15,src_main_java_com_fasterxml_jackson_core_filter_FilteringParserDelegate,0,52,0,0,0,0,53,1,0,0,0,0,0,0,53,1,0,0,0,0,0,0,53,1,0,0
JacksonCore/17,src_main_java_com_fasterxml_jackson_core_json_UTF8JsonGenerator,0,71,0,0,0,0,74,3,0,0,0,0,0,0,74,3,0,0,0,0,0,0,74,3,0,0
JacksonCore/18,src_main_java_com_fasterxml_jackson_core_base_GeneratorBase,0,32,0,0,0,0,33,1,0,0,0,0,0,0,32,0,0,1,0,0,0,0,33,1,0,0
JacksonCore/18,src_main_java_com_fasterxml_jackson_core_json_UTF8JsonGenerator,0,74,0,0,0,0,75,1,0,0,0,0,0,0,74,0,0,1,0,0,0,0,75,1,0,0
JacksonCore/18,src_main_java_com_fasterxml_jackson_core_json_WriterBasedJsonGenerator,0,65,0,0,0,0,66,1,0,0,0,0,0,0,65,0,0,1,0,0,0,0,66,1,0,0
JacksonCore/19,src_main_java_com_fasterxml_jackson_core_json_ReaderBasedJsonParser,0,72,0,0,0,0,73,1,0,0,0,0,0,0,73,1,0,0,0,0,0,0,73,1,0,0
JacksonCore/19,src_main_java_com_fasterxml_jackson_core_json_UTF8StreamJsonParser,0,98,0,0,0,0,99,1,0,0,0,0,0,0,99,1,0,0,0,0,0,0,99,1,0,0
JacksonCore/2,src_main_java_com_fasterxml_jackson_core_json_ReaderBasedJsonParser,0,49,0,0,0,0,52,3,0,0,0,0,0,0,52,3,0,0,0,0,0,0,52,3,0,0
JacksonCore/2,src_main_java_com_fasterxml_jackson_core_json_UTF8StreamJsonParser,0,75,0,0,0,0,80,5,0,0,0,0,0,0,80,5,0,0,0,0,0,0,80,5,0,0
JacksonCore/20,src_main_java_com_fasterxml_jackson_core_JsonGenerator,0,108,0,0,0,0,109,1,0,0,0,0,0,0,108,0,0,1,0,0,0,0,109,1,0,0
JacksonCore/21,src_main_java_com_fasterxml_jackson_core_filter_FilteringParserDelegate,0,54,0,0,0,0,55,1,0,0,0,0,0,0,55,1,0,0,0,0,0,0,55,1,0,0
JacksonCore/22,src_main_java_com_fasterxml_jackson_core_filter_FilteringParserDelegate,0,52,0,0,0,0,55,3,0,0,0,0,0,0,55,3,0,0,0,0,0,0,55,3,0,0
JacksonCore/23,src_main_java_com_fasterxml_jackson_core_util_DefaultPrettyPrinter,0,31,0,0,0,0,32,1,0,0,0,0,0,0,31,0,0,1,0,0,0,0,32,1,0,0
JacksonCore/25,src_main_java_com_fasterxml_jackson_core_json_ReaderBasedJsonParser,0,79,0,0,0,0,80,1,0,0,0,0,0,0,80,1,0,0,0,0,0,0,80,1,0,0
JacksonCore/26,src_main_java_com_fasterxml_jackson_core_json_async_NonBlockingJsonParser,0,65,0,0,0,0,66,1,0,0,0,0,0,0,66,1,0,0,0,0,0,0,66,1,0,0
JacksonCore/3,src_main_java_com_fasterxml_jackson_core_json_UTF8StreamJsonParser,0,81,0,0,0,0,82,1,0,0,0,0,0,0,82,1,0,0,0,0,0,0,82,1,0,0
JacksonCore/4,src_main_java_com_fasterxml_jackson_core_util_TextBuffer,0,31,0,0,0,0,32,1,0,0,0,0,0,0,32,1,0,0,0,0,0,0,32,1,0,0
JacksonCore/5,src_main_java_com_fasterxml_jackson_core_JsonPointer,0,18,0,0,0,0,19,1,0,0,0,0,0,0,19,1,0,0,0,0,0,0,19,1,0,0
JacksonCore/6,src_main_java_com_fasterxml_jackson_core_JsonPointer,0,18,0,0,0,0,19,1,0,0,0,0,0,0,19,1,0,0,0,0,0,0,19,1,0,0
JacksonCore/7,src_main_java_com_fasterxml_jackson_core_json_JsonWriteContext,0,16,0,0,0,0,17,1,0,0,0,0,0,0,17,1,0,0,0,0,0,0,17,1,0,0
JacksonCore/8,src_main_java_com_fasterxml_jackson_core_util_TextBuffer,0,32,0,0,0,0,33,1,0,0,0,0,0,0,33,1,0,0,0,0,0,0,33,1,0,0
JacksonCore/9,src_main_java_com_fasterxml_jackson_core_base_ParserMinimalBase,0,51,0,0,0,0,53,2,0,0,0,0,0,0,53,2,0,0,0,0,0,0,53,2,0,0
JacksonCore/9,src_main_java_com_fasterxml_jackson_core_json_ReaderBasedJsonParser,0,61,0,0,0,0,63,2,0,0,0,0,0,0,63,2,0,0,0,0,0,0,63,2,0,0
JacksonCore/9,src_main_java_com_fasterxml_jackson_core_json_UTF8StreamJsonParser,0,95,0,0,0,0,97,2,0,0,0,0,0,0,97,2,0,0,0,0,0,0,97,2,0,0
JacksonDatabind/1,src_main_java_com_fasterxml_jackson_databind_ser_BeanPropertyWriter,0,37,0,0,0,0,38,1,0,0,0,0,0,0,38,1,0,0,0,0,0,0,38,1,0,0
JacksonDatabind/10,src_main_java_com_fasterxml_jackson_databind_ser_AnyGetterWriter,0,0,0,0,0,0,4,4,0,0,0,0,0,0,4,4,0,0,0,0,0,0,4,4,0,0
JacksonDatabind/10,src_main_java_com_fasterxml_jackson_databind_ser_BeanSerializerFactory,0,19,0,0,0,0,20,1,0,0,0,0,0,0,20,1,0,0,0,0,0,0,20,1,0,0
JacksonDatabind/100,src_main_java_com_fasterxml_jackson_databind_node_TreeTraversingParser,0,33,0,0,0,0,34,1,0,0,0,0,0,0,33,0,0,1,0,0,0,0,34,1,0,0
JacksonDatabind/101,src_main_java_com_fasterxml_jackson_databind_deser_BeanDeserializer,0,32,0,0,0,0,33,1,0,0,0,0,0,0,33,1,0,0,0,0,0,0,33,1,0,0
JacksonDatabind/102,src_main_java_com_fasterxml_jackson_databind_ser_std_DateTimeSerializerBase,0,10,0,0,0,0,11,1,0,0,0,0,0,0,11,1,0,0,0,0,0,0,11,1,0,0
JacksonDatabind/103,src_main_java_com_fasterxml_jackson_databind_DatabindContext,0,24,0,0,0,0,25,1,0,0,0,0,0,0,25,1,0,0,0,0,0,0,25,1,0,0
JacksonDatabind/103,src_main_java_com_fasterxml_jackson_databind_DeserializationContext,0,93,0,0,0,0,95,2,0,0,0,0,0,0,95,2,0,0,0,0,0,0,95,2,0,0
JacksonDatabind/103,src_main_java_com_fasterxml_jackson_databind_JsonMappingException,0,42,0,0,0,0,44,2,0,0,0,0,0,0,44,2,0,0,0,0,0,0,44,2,0,0
JacksonDatabind/103,src_main_java_com_fasterxml_jackson_databind_SerializerProvider,0,69,0,0,0,0,71,2,0,0,0,0,0,0,71,2,0,0,0,0,0,0,71,2,0,0
JacksonDatabind/103,src_main_java_com_fasterxml_jackson_databind_deser_BasicDeserializerFactory,0,60,0,0,0,0,61,1,0,0,0,0,0,0,61,1,0,0,0,0,0,0,61,1,0,0
JacksonDatabind/103,src_main_java_com_fasterxml_jackson_databind_deser_BeanDeserializerFactory,0,21,0,0,0,0,23,2,0,0,0,0,0,0,23,2,0,0,0,0,0,0,23,2,0,0
JacksonDatabind/103,src_main_java_com_fasterxml_jackson_databind_deser_DeserializerCache,0,19,0,0,0,0,20,1,0,0,0,0,0,0,20,1,0,0,0,0,0,0,20,1,0,0
JacksonDatabind/103,src_main_java_com_fasterxml_jackson_databind_deser_SettableAnyProperty,0,15,0,0,0,0,16,1,0,0,0,0,0,0,16,1,0,0,0,0,0,0,16,1,0,0
JacksonDatabind/103,src_main_java_com_fasterxml_jackson_databind_deser_SettableBeanProperty,0,74,0,0,0,0,76,2,0,0,0,0,0,0,76,2,0,0,0,0,0,0,76,2,0,0
JacksonDatabind/103,src_main_java_com_fasterxml_jackson_databind_deser_std_StdDeserializer,0,62,0,0,0,0,63,1,0,0,0,0,0,0,63,1,0,0,0,0,0,0,63,1,0,0
JacksonDatabind/103,src_main_java_com_fasterxml_jackson_databind_deser_std_StdKeyDeserializer,0,21,0,0,0,0,23,2,0,0,0,0,0,0,23,2,0,0,0,0,0,0,23,2,0,0
JacksonDatabind/103,src_main_java_com_fasterxml_jackson_databind_deser_std_StdValueInstantiator,0,44,0,0,0,0,45,1,0,0,0,0,0,0,45,1,0,0,0,0,0,0,45,1,0,0
JacksonDatabind/103,src_main_java_com_fasterxml_jackson_databind_introspect_BasicBeanDescription,0,44,0,0,0,0,45,1,0,0,0,0,0,0,45,1,0,0,0,0,0,0,45,1,0,0
JacksonDatabind/103,src_main_java_com_fasterxml_jackson_databind_ser_DefaultSerializerProvider,0,27,0,0,0,0,29,2,0,0,0,0,0,0,29,2,0,0,0,0,0,0,29,2,0,0
JacksonDatabind/103,src_main_java_com_fasterxml_jackson_databind_ser_PropertyBuilder,0,7,0,0,0,0,8,1,0,0,0,0,0,0,8,1,0,0,0,0,0,0,8,1,0,0
JacksonDatabind/103,src_main_java_com_fasterxml_jackson_databind_util_ClassUtil,0,81,0,0,0,0,81,0,0,0,0,0,0,0,81,0,0,0,0,0,0,0,81,0,0,0
JacksonDatabind/104,src_main_java_com_fasterxml_jackson_databind_util_StdDateFormat,0,38,0,0,0,0,40,2,0,0,0,0,0,0,40,2,0,0,0,0,0,0,40,2,0,0
JacksonDatabind/105,src_main_java_com_fasterxml_jackson_databind_deser_std_JdkDeserializers,0,0,0,0,0,0,1,1,0,0,0,0,0,0,1,1,0,0,0,0,0,0,1,1,0,0
JacksonDatabind/106,src_main_java_com_fasterxml_jackson_databind_node_TreeTraversingParser,0,32,0,0,0,0,34,2,0,0,0,0,0,0,34,2,0,0,0,0,0,0,34,2,0,0
JacksonDatabind/107,src_main_java_com_fasterxml_jackson_databind_jsontype_impl_TypeDeserializerBase,0,15,0,0,0,0,16,1,0,0,0,0,0,0,16,1,0,0,0,0,0,0,16,1,0,0
JacksonDatabind/108,src_main_java_com_fasterxml_jackson_databind_ObjectReader,0,125,0,0,0,0,126,1,0,0,0,0,0,0,126,1,0,0,0,0,0,0,126,1,0,0
JacksonDatabind/109,src_main_java_com_fasterxml_jackson_databind_ser_std_NumberSerializer,0,4,0,0,0,0,5,1,0,0,0,0,0,0,5,1,0,0,0,0,0,0,5,1,0,0
JacksonDatabind/109,src_main_java_com_fasterxml_jackson_databind_ser_std_NumberSerializers,0,19,0,0,0,0,20,1,0,0,0,0,0,0,20,1,0,0,0,0,0,0,20,1,0,0
JacksonDatabind/11,src_main_java_com_fasterxml_jackson_databind_type_TypeFactory,0,55,0,0,0,0,56,1,0,0,0,0,0,0,56,1,0,0,0,0,0,0,56,1,0,0
JacksonDatabind/110,src_main_java_com_fasterxml_jackson_databind_deser_impl_JavaUtilCollectionsDeserializers,0,7,0,0,0,0,8,1,0,0,0,0,0,0,8,1,0,0,0,0,0,0,8,1,0,0
JacksonDatabind/111,src_main_java_com_fasterxml_jackson_databind_deser_CreatorProperty,0,22,0,0,0,0,23,1,0,0,0,0,0,0,23,1,0,0,0,0,0,0,23,1,0,0
JacksonDatabind/111,src_main_java_com_fasterxml_jackson_databind_deser_impl_FieldProperty,0,14,0,0,0,0,15,1,0,0,0,0,0,0,15,1,0,0,0,0,0,0,15,1,0,0
JacksonDatabind/111,src_main_java_com_fasterxml_jackson_databind_deser_impl_MethodProperty,0,14,0,0,0,0,15,1,0,0,0,0,0,0,15,1,0,0,0,0,0,0,15,1,0,0
JacksonDatabind/111,src_main_java_com_fasterxml_jackson_databind_deser_impl_ObjectIdReferenceProperty,0,15,0,0,0,0,16,1,0,0,0,0,0,0,16,1,0,0,0,0,0,0,16,1,0,0
JacksonDatabind/111,src_main_java_com_fasterxml_jackson_databind_deser_impl_ObjectIdValueProperty,0,11,0,0,0,0,12,1,0,0,0,0,0,0,12,1,0,0,0,0,0,0,12,1,0,0
JacksonDatabind/111,src_main_java_com_fasterxml_jackson_databind_deser_impl_SetterlessProperty,0,12,0,0,0,0,13,1,0,0,0,0,0,0,13,1,0,0,0,0,0,0,13,1,0,0
JacksonDatabind/111,src_main_java_com_fasterxml_jackson_databind_deser_std_AtomicReferenceDeserializer,0,7,0,0,0,0,8,1,0,0,0,0,0,0,8,1,0,0,0,0,0,0,8,1,0,0
JacksonDatabind/112,src_main_java_com_fasterxml_jackson_databind_deser_std_StringCollectionDeserializer,0,11,0,0,0,0,12,1,0,0,0,0,0,0,12,1,0,0,0,0,0,0,12,1,0,0
JacksonDatabind/12,src_main_java_com_fasterxml_jackson_databind_deser_std_MapDeserializer,0,27,0,0,0,0,28,1,0,0,0,0,0,0,28,1,0,0,0,0,0,0,28,1,0,0
JacksonDatabind/13,src_main_java_com_fasterxml_jackson_databind_deser_DefaultDeserializationContext,0,18,0,0,0,0,19,1,0,0,0,0,0,0,19,1,0,0,0,0,0,0,19,1,0,0
JacksonDatabind/13,src_main_java_com_fasterxml_jackson_databind_deser_impl_ObjectIdValueProperty,0,11,0,0,0,0,12,1,0,0,0,0,0,0,12,1,0,0,0,0,0,0,12,1,0,0
JacksonDatabind/14,src_main_java_com_fasterxml_jackson_databind_ObjectReader,0,108,0,0,0,0,109,1,0,0,0,0,0,0,109,1,0,0,0,0,0,0,109,1,0,0
JacksonDatabind/15,src_main_java_com_fasterxml_jackson_databind_JavaType,0,45,0,0,0,0,45,0,0,0,0,0,0,0,45,0,0,0,0,0,0,0,45,0,0,0
JacksonDatabind/15,src_main_java_com_fasterxml_jackson_databind_ser_BeanSerializerFactory,0,19,0,0,0,0,20,1,0,0,0,0,0,0,20,1,0,0,0,0,0,0,20,1,0,0
JacksonDatabind/15,src_main_java_com_fasterxml_jackson_databind_ser_std_BeanSerializerBase,0,25,0,0,0,0,26,1,0,0,0,0,0,0,26,1,0,0,0,0,0,0,26,1,0,0
JacksonDatabind/15,src_main_java_com_fasterxml_jackson_databind_ser_std_StdDelegatingSerializer,0,10,0,0,0,0,16,6,0,0,0,0,0,0,16,6,0,0,0,0,0,0,16,6,0,0
JacksonDatabind/15,src_main_java_com_fasterxml_jackson_databind_ser_std_StdSerializer,0,15,0,0,0,0,16,1,0,0,0,0,0,0,16,1,0,0,0,0,0,0,16,1,0,0
JacksonDatabind/16,src_main_java_com_fasterxml_jackson_databind_introspect_AnnotationMap,0,9,0,0,0,0,10,1,0,0,0,0,0,0,10,1,0,0,0,0,0,0,10,1,0,0
JacksonDatabind/17,src_main_java_com_fasterxml_jackson_databind_ObjectMapper,0,211,0,0,0,0,212,1,0,0,0,0,0,0,212,1,0,0,0,0,0,0,212,1,0,0
JacksonDatabind/19,src_main_java_com_fasterxml_jackson_databind_type_TypeFactory,0,56,0,0,0,0,57,1,0,0,0,0,0,0,57,1,0,0,0,0,0,0,57,1,0,0
JacksonDatabind/2,src_main_java_com_fasterxml_jackson_databind_util_TokenBuffer,0,129,0,0,0,0,131,2,0,0,0,0,0,0,129,0,0,2,0,0,0,0,131,2,0,0
JacksonDatabind/20,src_main_java_com_fasterxml_jackson_databind_node_ObjectNode,0,60,0,0,0,0,61,1,0,0,0,0,0,0,61,1,0,0,0,0,0,0,61,1,0,0
JacksonDatabind/21,src_main_java_com_fasterxml_jackson_databind_introspect_JacksonAnnotationIntrospector,0,76,0,0,0,0,77,1,0,0,0,0,0,0,77,1,0,0,0,0,0,0,77,1,0,0
JacksonDatabind/22,src_main_java_com_fasterxml_jackson_databind_ser_BasicSerializerFactory,0,36,0,0,0,0,40,4,0,0,0,0,0,0,40,4,0,0,0,0,0,0,40,4,0,0
JacksonDatabind/22,src_main_java_com_fasterxml_jackson_databind_ser_BeanSerializerFactory,0,20,0,0,0,0,21,1,0,0,0,0,0,0,21,1,0,0,0,0,0,0,21,1,0,0
JacksonDatabind/23,src_main_java_com_fasterxml_jackson_databind_ser_std_NumberSerializers,0,18,0,0,0,0,20,2,0,0,0,0,0,0,20,2,0,0,0,0,0,0,20,2,0,0
JacksonDatabind/24,src_main_java_com_fasterxml_jackson_databind_cfg_BaseSettings,0,25,0,0,0,0,26,1,0,0,0,0,0,0,26,1,0,0,0,0,0,0,26,1,0,0
JacksonDatabind/25,src_main_java_com_fasterxml_jackson_databind_deser_BasicDeserializerFactory,0,54,0,0,0,0,55,1,0,0,0,0,0,0,55,1,0,0,0,0,0,0,55,1,0,0
JacksonDatabind/25,src_main_java_com_fasterxml_jackson_databind_deser_DeserializerCache,0,19,0,0,0,0,20,1,0,0,0,0,0,0,20,1,0,0,0,0,0,0,20,1,0,0
JacksonDatabind/25,src_main_java_com_fasterxml_jackson_databind_jsontype_impl_TypeDeserializerBase,0,13,0,0,0,0,14,1,0,0,0,0,0,0,14,1,0,0,0,0,0,0,14,1,0,0
JacksonDatabind/25,src_main_java_com_fasterxml_jackson_databind_module_SimpleAbstractTypeResolver,0,2,0,0,0,0,3,1,0,0,0,0,0,0,3,1,0,0,0,0,0,0,3,1,0,0
JacksonDatabind/26,src_main_java_com_fasterxml_jackson_databind_ser_BeanPropertyWriter,0,51,0,0,0,0,51,0,0,0,0,0,0,0,51,0,0,0,0,0,0,0,51,0,0,0
JacksonDatabind/27,src_main_java_com_fasterxml_jackson_databind_deser_BeanDeserializer,0,24,0,0,0,0,25,1,0,0,0,0,0,0,25,1,0,0,0,0,0,0,25,1,0,0
JacksonDatabind/29,src_main_java_com_fasterxml_jackson_databind_deser_impl_ExternalTypeHandler,0,15,0,0,0,0,17,2,0,0,0,0,0,0,17,2,0,0,0,0,0,0,17,2,0,0
JacksonDatabind/3,src_main_java_com_fasterxml_jackson_databind_deser_std_StringArrayDeserializer,0,5,0,0,0,0,7,2,0,0,0,0,0,0,7,2,0,0,0,0,0,0,7,2,0,0
JacksonDatabind/30,src_main_java_com_fasterxml_jackson_databind_ObjectMapper,0,234,0,0,0,0,236,2,0,0,0,0,0,0,236,2,0,0,0,0,0,0,236,2,0,0
JacksonDatabind/30,src_main_java_com_fasterxml_jackson_databind_util_TokenBuffer,0,129,0,0,0,0,132,3,0,0,0,0,0,0,132,3,0,0,0,0,0,0,132,3,0,0
JacksonDatabind/31,src_main_java_com_fasterxml_jackson_databind_util_TokenBuffer,0,115,0,0,0,0,133,18,0,0,0,0,0,0,131,16,2,2,0,0,0,0,131,16,2,2
JacksonDatabind/32,src_main_java_com_fasterxml_jackson_databind_deser_std_UntypedObjectDeserializer,0,18,0,0,0,0,20,2,0,0,0,0,0,0,20,2,0,0,0,0,0,0,20,2,0,0
JacksonDatabind/33,src_main_java_com_fasterxml_jackson_databind_introspect_JacksonAnnotationIntrospector,0,77,0,0,0,0,78,1,0,0,0,0,0,0,78,1,0,0,0,0,0,0,78,1,0,0
JacksonDatabind/34,src_main_java_com_fasterxml_jackson_databind_ser_std_NumberSerializer,0,3,0,0,0,0,4,1,0,0,0,0,0,0,4,1,0,0,0,0,0,0,4,1,0,0
JacksonDatabind/35,src_main_java_com_fasterxml_jackson_databind_jsontype_impl_AsWrapperTypeDeserializer,0,8,0,0,0,0,9,1,0,0,0,0,0,0,9,1,0,0,0,0,0,0,9,1,0,0
JacksonDatabind/36,src_main_java_com_fasterxml_jackson_databind_util_StdDateFormat,0,22,0,0,0,0,24,2,0,0,0,0,0,0,24,2,0,0,0,0,0,0,24,2,0,0
JacksonDatabind/37,src_main_java_com_fasterxml_jackson_databind_type_SimpleType,0,20,0,0,0,0,21,1,0,0,0,0,0,0,21,1,0,0,0,0,0,0,21,1,0,0
JacksonDatabind/38,src_main_java_com_fasterxml_jackson_databind_type_CollectionType,0,12,0,0,0,0,13,1,0,0,0,0,0,0,13,1,0,0,0,0,0,0,13,1,0,0
JacksonDatabind/38,src_main_java_com_fasterxml_jackson_databind_type_MapType,0,15,0,0,0,0,16,1,0,0,0,0,0,0,16,1,0,0,0,0,0,0,16,1,0,0
JacksonDatabind/38,src_main_java_com_fasterxml_jackson_databind_type_SimpleType,0,19,0,0,0,0,21,2,0,0,0,0,0,0,21,2,0,0,0,0,0,0,21,2,0,0
JacksonDatabind/39,src_main_java_com_fasterxml_jackson_databind_deser_std_NullifyingDeserializer,0,2,0,0,0,0,3,1,0,0,0,0,0,0,3,1,0,0,0,0,0,0,3,1,0,0
JacksonDatabind/4,src_main_java_com_fasterxml_jackson_databind_deser_std_StringArrayDeserializer,0,5,0,0,0,0,7,2,0,0,0,0,0,0,7,2,0,0,0,0,0,0,7,2,0,0
JacksonDatabind/40,src_main_java_com_fasterxml_jackson_databind_deser_std_NumberDeserializers,0,32,0,0,0,0,32,0,0,0,0,0,0,0,32,0,0,0,0,0,0,0,32,0,0,0
JacksonDatabind/42,src_main_java_com_fasterxml_jackson_databind_deser_std_FromStringDeserializer,0,9,0,0,0,0,10,1,0,0,0,0,0,0,10,1,0,0,0,0,0,0,10,1,0,0
JacksonDatabind/43,src_main_java_com_fasterxml_jackson_databind_deser_impl_ObjectIdValueProperty,0,10,0,0,0,0,11,1,0,0,0,0,0,0,11,1,0,0,0,0,0,0,11,1,0,0
JacksonDatabind/44,src_main_java_com_fasterxml_jackson_databind_type_SimpleType,0,21,0,0,0,0,22,1,0,0,0,0,0,0,22,1,0,0,0,0,0,0,22,1,0,0
JacksonDatabind/45,src_main_java_com_fasterxml_jackson_databind_ser_std_DateTimeSerializerBase,0,10,0,0,0,0,11,1,0,0,0,0,0,0,11,1,0,0,0,0,0,0,11,1,0,0
JacksonDatabind/46,src_main_java_com_fasterxml_jackson_databind_type_ReferenceType,0,18,0,0,0,0,19,1,0,0,0,0,0,0,19,1,0,0,0,0,0,0,19,1,0,0
JacksonDatabind/47,src_main_java_com_fasterxml_jackson_databind_AnnotationIntrospector,0,84,0,0,0,0,85,1,0,0,0,0,0,0,85,1,0,0,0,0,0,0,85,1,0,0
JacksonDatabind/48,src_main_java_com_fasterxml_jackson_databind_DeserializationConfig,0,70,0,0,0,0,71,1,0,0,0,0,0,0,71,1,0,0,0,0,0,0,71,1,0,0
JacksonDatabind/48,src_main_java_com_fasterxml_jackson_databind_SerializationConfig,0,70,0,0,0,0,71,1,0,0,0,0,0,0,71,1,0,0,0,0,0,0,71,1,0,0
JacksonDatabind/49,src_main_java_com_fasterxml_jackson_databind_ser_impl_WritableObjectId,0,3,0,0,0,0,4,1,0,0,0,0,0,0,4,1,0,0,0,0,0,0,4,1,0,0
JacksonDatabind/5,src_main_java_com_fasterxml_jackson_databind_introspect_AnnotatedClass,0,51,0,0,0,0,52,1,0,0,0,0,0,0,52,1,0,0,0,0,0,0,52,1,0,0
JacksonDatabind/50,src_main_java_com_fasterxml_jackson_databind_deser_BeanDeserializer,0,27,0,0,0,0,29,2,0,0,0,0,0,0,29,2,0,0,0,0,0,0,29,2,0,0
JacksonDatabind/51,src_main_java_com_fasterxml_jackson_databind_jsontype_impl_TypeDeserializerBase,0,13,0,0,0,0,14,1,0,0,0,0,0,0,14,1,0,0,0,0,0,0,14,1,0,0
JacksonDatabind/52,src_main_java_com_fasterxml_jackson_databind_deser_BeanDeserializerBase,0,61,0,0,0,0,62,1,0,0,0,0,0,0,62,1,0,0,0,0,0,0,62,1,0,0
JacksonDatabind/52,src_main_java_com_fasterxml_jackson_databind_deser_impl_ExternalTypeHandler,0,18,0,0,0,0,19,1,0,0,0,0,0,0,19,1,0,0,0,0,0,0,19,1,0,0
JacksonDatabind/53,src_main_java_com_fasterxml_jackson_databind_type_TypeBindings,0,22,0,0,0,0,23,1,0,0,0,0,0,0,23,1,0,0,0,0,0,0,23,1,0,0
JacksonDatabind/53,src_main_java_com_fasterxml_jackson_databind_type_TypeFactory,0,63,0,0,0,0,65,2,0,0,0,0,0,0,65,2,0,0,0,0,0,0,65,2,0,0
JacksonDatabind/54,src_main_java_com_fasterxml_jackson_databind_ser_PropertyBuilder,0,7,0,0,0,0,8,1,0,0,0,0,0,0,8,1,0,0,0,0,0,0,8,1,0,0
JacksonDatabind/55,src_main_java_com_fasterxml_jackson_databind_ser_std_StdKeySerializers,0,11,0,0,0,0,12,1,0,0,0,0,0,0,12,1,0,0,0,0,0,0,12,1,0,0
JacksonDatabind/56,src_main_java_com_fasterxml_jackson_databind_deser_std_FromStringDeserializer,0,9,0,0,0,0,10,1,0,0,0,0,0,0,10,1,0,0,0,0,0,0,10,1,0,0
JacksonDatabind/57,src_main_java_com_fasterxml_jackson_databind_ObjectReader,0,119,0,0,0,0,120,1,0,0,0,0,0,0,120,1,0,0,0,0,0,0,120,1,0,0
JacksonDatabind/58,src_main_java_com_fasterxml_jackson_databind_deser_BeanDeserializerFactory,0,19,0,0,0,0,20,1,0,0,0,0,0,0,20,1,0,0,0,0,0,0,20,1,0,0
JacksonDatabind/59,src_main_java_com_fasterxml_jackson_databind_JavaType,0,55,0,0,0,0,55,0,0,0,0,0,0,0,55,0,0,0,0,0,0,0,55,0,0,0
JacksonDatabind/59,src_main_java_com_fasterxml_jackson_databind_type_CollectionLikeType,0,25,0,0,0,0,25,0,0,0,0,0,0,0,25,0,0,0,0,0,0,0,25,0,0,0
JacksonDatabind/59,src_main_java_com_fasterxml_jackson_databind_type_MapLikeType,0,28,0,0,0,0,28,0,0,0,0,0,0,0,28,0,0,0,0,0,0,0,28,0,0,0
JacksonDatabind/59,src_main_java_com_fasterxml_jackson_databind_type_TypeFactory,0,66,0,0,0,0,67,1,0,0,0,0,0,0,67,1,0,0,0,0,0,0,67,1,0,0
JacksonDatabind/60,src_main_java_com_fasterxml_jackson_databind_ser_std_JsonValueSerializer,0,11,0,0,0,0,12,1,0,0,0,0,0,0,12,1,0,0,0,0,0,0,12,1,0,0
JacksonDatabind/61,src_main_java_com_fasterxml_jackson_databind_ObjectMapper,0,240,0,0,0,0,241,1,0,0,0,0,0,0,241,1,0,0,0,0,0,0,241,1,0,0
JacksonDatabind/61,src_main_java_com_fasterxml_jackson_databind_jsontype_impl_StdTypeResolverBuilder,0,11,0,0,0,0,13,2,0,0,0,0,0,0,13,2,0,0,0,0,0,0,13,2,0,0
JacksonDatabind/62,src_main_java_com_fasterxml_jackson_databind_deser_std_CollectionDeserializer,0,18,0,0,0,0,19,1,0,0,0,0,0,0,19,1,0,0,0,0,0,0,19,1,0,0
JacksonDatabind/63,src_main_java_com_fasterxml_jackson_databind_JsonMappingException,0,43,0,0,0,0,44,1,0,0,0,0,0,0,44,1,0,0,0,0,0,0,44,1,0,0
JacksonDatabind/65,src_main_java_com_fasterxml_jackson_databind_deser_std_StdKeyDeserializer,0,21,0,0,0,0,22,1,0,0,0,0,0,0,22,1,0,0,0,0,0,0,22,1,0,0
JacksonDatabind/65,src_main_java_com_fasterxml_jackson_databind_introspect_BasicBeanDescription,0,41,0,0,0,0,43,2,0,0,0,0,0,0,43,2,0,0,0,0,0,0,43,2,0,0
JacksonDatabind/66,src_main_java_com_fasterxml_jackson_databind_deser_std_StdKeyDeserializer,0,19,0,0,0,0,22,3,0,0,0,0,0,0,22,3,0,0,0,0,0,0,22,3,0,0
JacksonDatabind/67,src_main_java_com_fasterxml_jackson_databind_deser_BasicDeserializerFactory,0,58,0,0,0,0,59,1,0,0,0,0,0,0,59,1,0,0,0,0,0,0,59,1,0,0
JacksonDatabind/69,src_main_java_com_fasterxml_jackson_databind_deser_impl_CreatorCollector,0,26,0,0,0,0,29,3,0,0,0,0,0,0,29,3,0,0,0,0,0,0,29,3,0,0
JacksonDatabind/7,src_main_java_com_fasterxml_jackson_databind_util_TokenBuffer,0,130,0,0,0,0,131,1,0,0,0,0,0,0,130,0,0,1,0,0,0,0,131,1,0,0
JacksonDatabind/70,src_main_java_com_fasterxml_jackson_databind_deser_impl_BeanPropertyMap,0,26,0,0,0,0,27,1,0,0,0,0,0,0,27,1,0,0,0,0,0,0,27,1,0,0
JacksonDatabind/71,src_main_java_com_fasterxml_jackson_databind_deser_std_StdKeyDeserializer,0,21,0,0,0,0,22,1,0,0,0,0,0,0,22,1,0,0,0,0,0,0,22,1,0,0
JacksonDatabind/72,src_main_java_com_fasterxml_jackson_databind_deser_impl_InnerClassProperty,0,16,0,0,0,0,16,0,0,0,0,0,0,0,16,0,0,0,0,0,0,0,16,0,0,0
JacksonDatabind/73,src_main_java_com_fasterxml_jackson_databind_introspect_POJOPropertiesCollector,0,37,0,0,0,0,38,1,0,0,0,0,0,0,38,1,0,0,0,0,0,0,38,1,0,0
JacksonDatabind/73,src_main_java_com_fasterxml_jackson_databind_introspect_POJOPropertyBuilder,0,93,0,0,0,0,94,1,0,0,0,0,0,0,94,1,0,0,0,0,0,0,94,1,0,0
JacksonDatabind/74,src_main_java_com_fasterxml_jackson_databind_jsontype_impl_AsPropertyTypeDeserializer,0,8,0,0,0,0,9,1,0,0,0,0,0,0,9,1,0,0,0,0,0,0,9,1,0,0
JacksonDatabind/75,src_main_java_com_fasterxml_jackson_databind_ser_std_EnumSerializer,0,7,0,0,0,0,10,3,0,0,0,0,0,0,10,3,0,0,0,0,0,0,10,3,0,0
JacksonDatabind/76,src_main_java_com_fasterxml_jackson_databind_deser_BuilderBasedDeserializer,0,25,0,0,0,0,26,1,0,0,0,0,0,0,26,1,0,0,0,0,0,0,26,1,0,0
JacksonDatabind/77,src_main_java_com_fasterxml_jackson_databind_deser_BeanDeserializerFactory,0,19,0,0,0,0,20,1,0,0,0,0,0,0,20,1,0,0,0,0,0,0,20,1,0,0
JacksonDatabind/78,src_main_java_com_fasterxml_jackson_databind_deser_BeanDeserializerFactory,0,19,0,0,0,0,20,1,0,0,0,0,0,0,20,1,0,0,0,0,0,0,20,1,0,0
JacksonDatabind/79,src_main_java_com_fasterxml_jackson_databind_introspect_JacksonAnnotationIntrospector,0,85,0,0,0,0,86,1,0,0,0,0,0,0,86,1,0,0,0,0,0,0,86,1,0,0
JacksonDatabind/79,src_main_java_com_fasterxml_jackson_databind_introspect_ObjectIdInfo,0,11,0,0,0,0,12,1,0,0,0,0,0,0,12,1,0,0,0,0,0,0,12,1,0,0
JacksonDatabind/79,src_main_java_com_fasterxml_jackson_databind_ser_std_BeanSerializerBase,0,26,0,0,0,0,27,1,0,0,0,0,0,0,27,1,0,0,0,0,0,0,27,1,0,0
JacksonDatabind/8,src_main_java_com_fasterxml_jackson_databind_deser_impl_CreatorCollector,0,26,0,0,0,0,27,1,0,0,0,0,0,0,27,1,0,0,0,0,0,0,27,1,0,0
JacksonDatabind/80,src_main_java_com_fasterxml_jackson_databind_jsontype_impl_StdSubtypeResolver,0,8,0,0,0,0,10,2,0,0,0,0,0,0,10,2,0,0,0,0,0,0,10,2,0,0
JacksonDatabind/81,src_main_java_com_fasterxml_jackson_databind_introspect_JacksonAnnotationIntrospector,0,88,0,0,0,0,90,2,0,0,0,0,0,0,90,2,0,0,0,0,0,0,90,2,0,0
JacksonDatabind/82,src_main_java_com_fasterxml_jackson_databind_deser_BeanDeserializerFactory,0,20,0,0,0,0,21,1,0,0,0,0,0,0,21,1,0,0,0,0,0,0,21,1,0,0
JacksonDatabind/83,src_main_java_com_fasterxml_jackson_databind_deser_std_FromStringDeserializer,0,10,0,0,0,0,11,1,0,0,0,0,0,0,11,1,0,0,0,0,0,0,11,1,0,0
JacksonDatabind/84,src_main_java_com_fasterxml_jackson_databind_type_ResolvedRecursiveType,0,16,0,0,0,0,16,0,0,0,0,0,0,0,16,0,0,0,0,0,0,0,16,0,0,0
JacksonDatabind/86,src_main_java_com_fasterxml_jackson_databind_type_ResolvedRecursiveType,0,16,0,0,0,0,16,0,0,0,0,0,0,0,16,0,0,0,0,0,0,0,16,0,0,0
JacksonDatabind/87,src_main_java_com_fasterxml_jackson_databind_util_StdDateFormat,0,25,0,0,0,0,27,2,0,0,0,0,0,0,27,2,0,0,0,0,0,0,27,2,0,0
JacksonDatabind/88,src_main_java_com_fasterxml_jackson_databind_jsontype_impl_ClassNameIdResolver,0,8,0,0,0,0,9,1,0,0,0,0,0,0,9,1,0,0,0,0,0,0,9,1,0,0
JacksonDatabind/89,src_main_java_com_fasterxml_jackson_databind_deser_BeanDeserializerFactory,0,21,0,0,0,0,21,0,0,0,0,0,0,0,21,0,0,0,0,0,0,0,21,0,0,0
JacksonDatabind/90,src_main_java_com_fasterxml_jackson_databind_deser_ValueInstantiator,0,34,0,0,0,0,35,1,0,0,0,0,0,0,35,1,0,0,0,0,0,0,35,1,0,0
JacksonDatabind/90,src_main_java_com_fasterxml_jackson_databind_deser_std_StdValueInstantiator,0,44,0,0,0,0,44,0,0,0,0,0,0,0,44,0,0,0,0,0,0,0,44,0,0,0
JacksonDatabind/91,src_main_java_com_fasterxml_jackson_databind_deser_DeserializerCache,0,19,0,0,0,0,20,1,0,0,0,0,0,0,20,1,0,0,0,0,0,0,20,1,0,0
JacksonDatabind/92,src_main_java_com_fasterxml_jackson_databind_deser_BeanDeserializerFactory,0,21,0,0,0,0,21,0,0,0,0,0,0,0,21,0,0,0,0,0,0,0,21,0,0,0
JacksonDatabind/93,src_main_java_com_fasterxml_jackson_databind_jsontype_impl_SubTypeValidator,0,2,0,0,0,0,3,1,0,0,0,0,0,0,3,1,0,0,0,0,0,0,3,1,0,0
JacksonDatabind/94,src_main_java_com_fasterxml_jackson_databind_jsontype_impl_SubTypeValidator,0,2,0,0,0,0,3,1,0,0,0,0,0,0,3,1,0,0,0,0,0,0,3,1,0,0
JacksonDatabind/95,src_main_java_com_fasterxml_jackson_databind_type_TypeFactory,0,67,0,0,0,0,69,2,0,0,0,0,0,0,69,2,0,0,0,0,0,0,69,2,0,0
JacksonDatabind/95,src_main_java_com_fasterxml_jackson_databind_type_TypeParser,0,12,0,0,0,0,13,1,0,0,0,0,0,0,13,1,0,0,0,0,0,0,13,1,0,0
JacksonDatabind/96,src_main_java_com_fasterxml_jackson_databind_deser_BasicDeserializerFactory,0,60,0,0,0,0,61,1,0,0,0,0,0,0,61,1,0,0,0,0,0,0,61,1,0,0
JacksonDatabind/97,src_main_java_com_fasterxml_jackson_databind_node_POJONode,0,15,0,0,0,0,16,1,0,0,0,0,0,0,16,1,0,0,0,0,0,0,16,1,0,0
JacksonDatabind/98,src_main_java_com_fasterxml_jackson_databind_deser_impl_ExternalTypeHandler,0,22,0,0,0,0,23,1,0,0,0,0,0,0,23,1,0,0,0,0,0,0,23,1,0,0
JacksonDatabind/99,src_main_java_com_fasterxml_jackson_databind_type_ReferenceType,0,23,0,0,0,0,24,1,0,0,0,0,0,0,24,1,0,0,0,0,0,0,24,1,0,0
JacksonXml/1,src_main_java_com_fasterxml_jackson_dataformat_xml_deser_FromXmlParser,0,51,0,0,0,0,52,1,0,0,0,0,0,0,52,1,0,0,0,0,0,0,52,1,0,0
JacksonXml/2,src_main_java_com_fasterxml_jackson_dataformat_xml_deser_XmlTokenStream,0,23,0,0,0,0,24,1,0,0,0,0,0,0,24,1,0,0,0,0,0,0,24,1,0,0
JacksonXml/3,src_main_java_com_fasterxml_jackson_dataformat_xml_deser_FromXmlParser,0,51,0,0,0,0,52,1,0,0,0,0,0,0,52,1,0,0,0,0,0,0,52,1,0,0
JacksonXml/4,src_main_java_com_fasterxml_jackson_dataformat_xml_ser_XmlSerializerProvider,0,10,0,0,0,0,11,1,0,0,0,0,0,0,11,1,0,0,0,0,0,0,11,1,0,0
JacksonXml/5,src_main_java_com_fasterxml_jackson_dataformat_xml_ser_XmlSerializerProvider,0,12,0,0,0,0,13,1,0,0,0,0,0,0,13,1,0,0,0,0,0,0,13,1,0,0
JacksonXml/6,src_main_java_com_fasterxml_jackson_dataformat_xml_ser_ToXmlGenerator,0,68,0,0,0,0,68,0,0,0,0,0,0,0,68,0,0,0,0,0,0,0,68,0,0,0
Jsoup/1,src_main_java_org_jsoup_nodes_Document,0,11,0,0,0,0,12,1,0,0,0,0,0,0,12,1,0,0,0,0,0,0,12,1,0,0
Jsoup/10,src_main_java_org_jsoup_nodes_Node,0,44,0,0,0,0,45,1,0,0,0,0,0,0,45,1,0,0,0,0,0,0,45,1,0,0
Jsoup/11,src_main_java_org_jsoup_select_Selector,0,25,0,0,0,0,27,2,0,0,0,0,0,0,27,2,0,0,0,0,0,0,27,2,0,0
Jsoup/12,src_main_java_org_jsoup_select_Selector,0,28,0,0,0,0,29,1,0,0,0,0,0,0,29,1,0,0,0,0,0,0,29,1,0,0
Jsoup/13,src_main_java_org_jsoup_nodes_Node,0,51,0,0,0,0,52,1,0,0,0,0,0,0,51,0,0,1,0,0,0,0,52,1,0,0
Jsoup/14,src_main_java_org_jsoup_parser_Tokeniser,0,25,0,0,0,0,25,0,0,0,0,0,0,0,25,0,0,0,0,0,0,0,25,0,0,0
Jsoup/14,src_main_java_org_jsoup_parser_TokeniserState,0,68,0,0,0,0,69,1,0,0,0,0,0,0,69,1,0,0,0,0,0,0,69,1,0,0
Jsoup/15,src_main_java_org_jsoup_parser_TreeBuilderState,0,40,0,0,0,0,41,1,0,0,0,0,0,0,41,1,0,0,0,0,0,0,41,1,0,0
Jsoup/16,src_main_java_org_jsoup_nodes_DocumentType,0,2,0,0,0,0,4,2,0,0,0,0,0,0,4,2,0,0,0,0,0,0,4,2,0,0
Jsoup/17,src_main_java_org_jsoup_parser_TreeBuilderState,0,41,0,0,0,0,41,0,0,0,0,0,0,0,41,0,0,0,0,0,0,0,41,0,0,0
Jsoup/18,src_main_java_org_jsoup_parser_CharacterReader,0,25,0,0,0,0,27,2,0,0,0,0,0,0,27,2,0,0,0,0,0,0,27,2,0,0
Jsoup/19,src_main_java_org_jsoup_safety_Whitelist,0,26,0,0,0,0,27,1,0,0,0,0,0,0,27,1,0,0,0,0,0,0,27,1,0,0
Jsoup/2,src_main_java_org_jsoup_parser_Parser,0,15,0,0,0,0,16,1,0,0,0,0,0,0,16,1,0,0,0,0,0,0,16,1,0,0
Jsoup/20,src_main_java_org_jsoup_helper_DataUtil,0,6,0,0,0,0,7,1,0,0,0,0,0,0,7,1,0,0,0,0,0,0,7,1,0,0
Jsoup/23,src_main_java_org_jsoup_parser_CharacterReader,0,27,0,0,0,0,27,0,0,0,0,0,0,0,27,0,0,0,0,0,0,0,27,0,0,0
Jsoup/23,src_main_java_org_jsoup_parser_Tokeniser,0,23,0,0,0,0,24,1,0,0,0,0,0,0,24,1,0,0,0,0,0,0,24,1,0,0
Jsoup/24,src_main_java_org_jsoup_parser_TokeniserState,0,71,0,0,0,0,72,1,0,0,0,0,0,0,72,1,0,0,0,0,0,0,72,1,0,0
Jsoup/25,src_main_java_org_jsoup_parser_Tag,0,18,0,0,0,0,18,0,0,0,0,0,0,0,18,0,0,0,0,0,0,0,18,0,0,0
Jsoup/26,src_main_java_org_jsoup_safety_Cleaner,0,5,0,0,0,0,6,1,0,0,0,0,0,0,6,1,0,0,0,0,0,0,6,1,0,0
Jsoup/27,src_main_java_org_jsoup_helper_DataUtil,0,6,0,0,0,0,7,1,0,0,0,0,0,0,7,1,0,0,0,0,0,0,7,1,0,0
Jsoup/28,src_main_java_org_jsoup_nodes_Entities,0,10,0,0,0,0,11,1,0,0,0,0,0,0,11,1,0,0,0,0,0,0,10,0,0,1
Jsoup/28,src_main_java_org_jsoup_parser_Parser,0,13,0,0,0,0,13,0,0,0,0,0,0,0,13,0,0,0,0,0,0,0,13,0,0,0
Jsoup/28,src_main_java_org_jsoup_parser_Tokeniser,0,23,0,0,0,0,24,1,0,0,0,0,0,0,24,1,0,0,0,0,0,0,24,1,0,0
Jsoup/29,src_main_java_org_jsoup_nodes_Document,0,30,0,0,0,0,31,1,0,0,0,0,0,0,31,1,0,0,0,0,0,0,31,1,0,0
Jsoup/3,src_main_java_org_jsoup_nodes_Element,0,63,0,0,0,0,66,3,0,0,0,0,0,0,66,3,0,0,0,0,0,0,66,3,0,0
Jsoup/3,src_main_java_org_jsoup_parser_Parser,0,13,0,0,0,0,16,3,0,0,0,0,0,0,16,3,0,0,0,0,0,0,16,3,0,0
Jsoup/3,src_main_java_org_jsoup_parser_Tag,0,22,0,0,0,0,24,2,0,0,0,0,0,0,24,2,0,0,0,0,0,0,24,2,0,0
Jsoup/31,src_main_java_org_jsoup_parser_Token,0,44,0,0,0,0,44,0,0,0,0,0,0,0,44,0,0,0,0,0,0,0,44,0,0,0
Jsoup/31,src_main_java_org_jsoup_parser_TokeniserState,0,71,0,0,0,0,72,1,0,0,0,0,0,0,72,1,0,0,0,0,0,0,72,1,0,0
Jsoup/31,src_main_java_org_jsoup_parser_XmlTreeBuilder,0,7,0,0,0,0,8,1,0,0,0,0,0,0,8,1,0,0,0,0,0,0,8,1,0,0
Jsoup/33,src_main_java_org_jsoup_parser_HtmlTreeBuilder,0,74,0,0,0,0,75,1,0,0,0,0,0,0,75,1,0,0,0,0,0,0,75,1,0,0
Jsoup/34,src_main_java_org_jsoup_parser_CharacterReader,0,29,0,0,0,0,30,1,0,0,0,0,0,0,30,1,0,0,0,0,0,0,30,1,0,0
Jsoup/35,src_main_java_org_jsoup_parser_HtmlTreeBuilderState,0,40,0,0,0,0,41,1,0,0,0,0,0,0,41,1,0,0,0,0,0,0,41,1,0,0
Jsoup/36,src_main_java_org_jsoup_helper_DataUtil,0,6,0,0,0,0,8,2,0,0,0,0,0,0,8,2,0,0,0,0,0,0,8,2,0,0
Jsoup/37,src_main_java_org_jsoup_nodes_Element,0,90,0,0,0,0,91,1,0,0,0,0,0,0,91,1,0,0,0,0,0,0,91,1,0,0
Jsoup/38,src_main_java_org_jsoup_parser_HtmlTreeBuilderState,0,40,0,0,0,0,41,1,0,0,0,0,0,0,41,1,0,0,0,0,0,0,41,1,0,0
Jsoup/39,src_main_java_org_jsoup_helper_DataUtil,0,7,0,0,0,0,8,1,0,0,0,0,0,0,8,1,0,0,0,0,0,0,8,1,0,0
Jsoup/4,src_main_java_org_jsoup_nodes_Entities,0,2,0,0,0,0,3,1,0,0,0,0,0,0,3,1,0,0,0,0,0,0,3,1,0,0
Jsoup/40,src_main_java_org_jsoup_nodes_DocumentType,0,3,0,0,0,0,4,1,0,0,0,0,0,0,4,1,0,0,0,0,0,0,4,1,0,0
Jsoup/41,src_main_java_org_jsoup_nodes_Element,0,91,0,0,0,0,92,1,0,0,0,0,0,0,92,1,0,0,0,0,0,0,92,1,0,0
Jsoup/42,src_main_java_org_jsoup_nodes_FormElement,0,5,0,0,0,0,6,1,0,0,0,0,0,0,6,1,0,0,0,0,0,0,6,1,0,0
Jsoup/43,src_main_java_org_jsoup_nodes_Element,0,91,0,0,0,0,92,1,0,0,0,0,0,0,92,1,0,0,0,0,0,0,92,1,0,0
Jsoup/44,src_main_java_org_jsoup_parser_TreeBuilder,0,6,0,0,0,0,9,3,0,0,0,0,0,0,9,3,0,0,0,0,0,0,9,3,0,0
Jsoup/45,src_main_java_org_jsoup_parser_HtmlTreeBuilder,0,76,0,0,0,0,77,1,0,0,0,0,0,0,77,1,0,0,0,0,0,0,77,1,0,0
Jsoup/46,src_main_java_org_jsoup_nodes_Entities,0,13,0,0,0,0,14,1,0,0,0,0,0,0,14,1,0,0,0,0,0,0,14,1,0,0
Jsoup/47,src_main_java_org_jsoup_nodes_Entities,0,13,0,0,0,0,14,1,0,0,0,0,0,0,14,1,0,0,0,0,0,0,14,1,0,0
Jsoup/48,src_main_java_org_jsoup_helper_HttpConnection,0,105,0,0,0,0,106,1,0,0,0,0,0,0,106,1,0,0,0,0,0,0,106,1,0,0
Jsoup/49,src_main_java_org_jsoup_nodes_Node,0,59,0,0,0,0,60,1,0,0,0,0,0,0,60,1,0,0,0,0,0,0,60,1,0,0
Jsoup/5,src_main_java_org_jsoup_parser_Parser,0,16,0,0,0,0,17,1,0,0,0,0,0,0,17,1,0,0,0,0,0,0,17,1,0,0
Jsoup/50,src_main_java_org_jsoup_helper_DataUtil,0,11,0,0,0,0,12,1,0,0,0,0,0,0,12,1,0,0,0,0,0,0,12,1,0,0
Jsoup/51,src_main_java_org_jsoup_parser_CharacterReader,0,35,0,0,0,0,36,1,0,0,0,0,0,0,36,1,0,0,0,0,0,0,36,1,0,0
Jsoup/52,src_main_java_org_jsoup_helper_DataUtil,0,13,0,0,0,0,14,1,0,0,0,0,0,0,14,1,0,0,0,0,0,0,14,1,0,0
Jsoup/52,src_main_java_org_jsoup_nodes_XmlDeclaration,0,5,0,0,0,0,7,2,0,0,0,0,0,0,7,2,0,0,0,0,0,0,6,1,0,1
Jsoup/52,src_main_java_org_jsoup_parser_XmlTreeBuilder,0,8,0,0,0,0,9,1,0,0,0,0,0,0,9,1,0,0,0,0,0,0,9,1,0,0
Jsoup/53,src_main_java_org_jsoup_parser_TokenQueue,0,31,0,0,0,0,32,1,0,0,0,0,0,0,32,1,0,0,0,0,0,0,32,1,0,0
Jsoup/54,src_main_java_org_jsoup_helper_W3CDom,0,7,0,0,0,0,8,1,0,0,0,0,0,0,8,1,0,0,0,0,0,0,8,1,0,0
Jsoup/55,src_main_java_org_jsoup_parser_TokeniserState,0,73,0,0,0,0,74,1,0,0,0,0,0,0,74,1,0,0,0,0,0,0,74,1,0,0
Jsoup/56,src_main_java_org_jsoup_nodes_DocumentType,0,2,0,0,0,0,5,3,0,0,0,0,0,0,4,2,0,1,0,0,0,0,5,3,0,0
Jsoup/56,src_main_java_org_jsoup_parser_HtmlTreeBuilderState,0,41,0,0,0,0,42,1,0,0,0,0,0,0,42,1,0,0,0,0,0,0,42,1,0,0
Jsoup/56,src_main_java_org_jsoup_parser_Token,0,55,0,0,0,0,56,1,0,0,0,0,0,0,56,1,0,0,0,0,0,0,56,1,0,0
Jsoup/56,src_main_java_org_jsoup_parser_TokeniserState,0,73,0,0,0,0,74,1,0,0,0,0,0,0,74,1,0,0,0,0,0,0,74,1,0,0
Jsoup/56,src_main_java_org_jsoup_parser_XmlTreeBuilder,0,10,0,0,0,0,11,1,0,0,0,0,0,0,11,1,0,0,0,0,0,0,11,1,0,0
Jsoup/57,src_main_java_org_jsoup_nodes_Attributes,0,28,0,0,0,0,29,1,0,0,0,0,0,0,29,1,0,0,0,0,0,0,29,1,0,0
Jsoup/58,src_main_java_org_jsoup_Jsoup,0,15,0,0,0,0,16,1,0,0,0,0,0,0,16,1,0,0,0,0,0,0,16,1,0,0
Jsoup/58,src_main_java_org_jsoup_parser_Parser,0,17,0,0,0,0,17,0,0,0,0,0,0,0,17,0,0,0,0,0,0,0,17,0,0,0
Jsoup/58,src_main_java_org_jsoup_safety_Cleaner,0,8,0,0,0,0,9,1,0,0,0,0,0,0,9,1,0,0,0,0,0,0,9,1,0,0
Jsoup/59,src_main_java_org_jsoup_parser_Token,0,56,0,0,0,0,57,1,0,0,0,0,0,0,57,1,0,0,0,0,0,0,57,1,0,0
Jsoup/6,src_main_java_org_jsoup_nodes_Entities,0,2,0,0,0,0,3,1,0,0,0,0,0,0,3,1,0,0,0,0,0,0,3,1,0,0
Jsoup/60,src_main_java_org_jsoup_parser_TokenQueue,0,31,0,0,0,0,32,1,0,0,0,0,0,0,32,1,0,0,0,0,0,0,32,1,0,0
Jsoup/60,src_main_java_org_jsoup_select_QueryParser,0,20,0,0,0,0,21,1,0,0,0,0,0,0,21,1,0,0,0,0,0,0,21,1,0,0
Jsoup/61,src_main_java_org_jsoup_nodes_Element,0,94,0,0,0,0,95,1,0,0,0,0,0,0,95,1,0,0,0,0,0,0,95,1,0,0
Jsoup/62,src_main_java_org_jsoup_parser_HtmlTreeBuilderState,0,41,0,0,0,0,42,1,0,0,0,0,0,0,42,1,0,0,0,0,0,0,42,1,0,0
Jsoup/64,src_main_java_org_jsoup_parser_HtmlTreeBuilderState,0,41,0,0,0,0,42,1,0,0,0,0,0,0,42,1,0,0,0,0,0,0,42,1,0,0
Jsoup/65,src_main_java_org_jsoup_parser_HtmlTreeBuilder,0,76,0,0,0,0,78,2,0,0,0,0,0,0,76,0,0,2,0,0,0,0,76,0,0,2
Jsoup/65,src_main_java_org_jsoup_parser_HtmlTreeBuilderState,0,38,0,0,0,0,42,4,0,0,0,0,0,0,42,4,0,0,0,0,0,0,42,4,0,0
Jsoup/66,src_main_java_org_jsoup_nodes_Element,0,105,0,0,0,0,109,4,0,0,0,0,0,0,107,2,0,2,0,0,0,0,108,3,0,1
Jsoup/67,src_main_java_org_jsoup_parser_HtmlTreeBuilder,0,77,0,0,0,0,78,1,0,0,0,0,0,0,78,1,0,0,0,0,0,0,78,1,0,0
Jsoup/68,src_main_java_org_jsoup_parser_HtmlTreeBuilder,0,77,0,0,0,0,78,1,0,0,0,0,0,0,78,1,0,0,0,0,0,0,78,1,0,0
Jsoup/69,src_main_java_org_jsoup_nodes_FormElement,0,5,0,0,0,0,5,0,0,0,0,0,0,0,5,0,0,0,0,0,0,0,5,0,0,0
Jsoup/7,src_main_java_org_jsoup_nodes_Document,0,24,0,0,0,0,25,1,0,0,0,0,0,0,25,1,0,0,0,0,0,0,25,1,0,0
Jsoup/70,src_main_java_org_jsoup_nodes_Element,0,109,0,0,0,0,110,1,0,0,0,0,0,0,110,1,0,0,0,0,0,0,110,1,0,0
Jsoup/71,src_main_java_org_jsoup_select_Evaluator,0,100,0,0,0,0,100,0,0,0,0,0,0,0,100,0,0,0,0,0,0,0,100,0,0,0
Jsoup/71,src_main_java_org_jsoup_select_QueryParser,0,20,0,0,0,0,21,1,0,0,0,0,0,0,21,1,0,0,0,0,0,0,21,1,0,0
Jsoup/72,src_main_java_org_jsoup_parser_CharacterReader,0,38,0,0,0,0,39,1,0,0,0,0,0,0,39,1,0,0,0,0,0,0,39,1,0,0
Jsoup/73,src_main_java_org_jsoup_helper_W3CDom,0,4,0,0,0,0,8,4,0,0,0,0,0,0,8,4,0,0,0,0,0,0,8,4,0,0
Jsoup/74,src_main_java_org_jsoup_helper_StringUtil,0,15,0,0,0,0,16,1,0,0,0,0,0,0,16,1,0,0,0,0,0,0,16,1,0,0
Jsoup/75,src_main_java_org_jsoup_nodes_Attributes,0,40,0,0,0,0,41,1,0,0,0,0,0,0,41,1,0,0,0,0,0,0,41,1,0,0
Jsoup/76,src_main_java_org_jsoup_parser_HtmlTreeBuilderState,0,41,0,0,0,0,42,1,0,0,0,0,0,0,42,1,0,0,0,0,0,0,42,1,0,0
Jsoup/77,src_main_java_org_jsoup_parser_XmlTreeBuilder,0,11,0,0,0,0,12,1,0,0,0,0,0,0,12,1,0,0,0,0,0,0,12,1,0,0
Jsoup/78,src_main_java_org_jsoup_helper_DataUtil,0,14,0,0,0,0,15,1,0,0,0,0,0,0,15,1,0,0,0,0,0,0,15,1,0,0
Jsoup/79,src_main_java_org_jsoup_nodes_LeafNode,0,13,0,0,0,0,14,1,0,0,0,0,0,0,14,1,0,0,0,0,0,0,14,1,0,0
Jsoup/8,src_main_java_org_jsoup_nodes_Node,0,41,0,0,0,0,42,1,0,0,0,0,0,0,41,0,0,1,0,0,0,0,42,1,0,0
Jsoup/80,src_main_java_org_jsoup_parser_XmlTreeBuilder,0,11,0,0,0,0,12,1,0,0,0,0,0,0,12,1,0,0,0,0,0,0,12,1,0,0
Jsoup/81,src_main_java_org_jsoup_helper_DataUtil,0,14,0,0,0,0,15,1,0,0,0,0,0,0,15,1,0,0,0,0,0,0,15,1,0,0
Jsoup/82,src_main_java_org_jsoup_helper_DataUtil,0,12,0,0,0,0,13,1,0,0,0,0,0,0,13,1,0,0,0,0,0,0,13,1,0,0
Jsoup/84,src_main_java_org_jsoup_helper_W3CDom,0,7,0,0,0,0,8,1,0,0,0,0,0,0,8,1,0,0,0,0,0,0,8,1,0,0
Jsoup/86,src_main_java_org_jsoup_nodes_Comment,0,8,0,0,0,0,9,1,0,0,0,0,0,0,9,1,0,0,0,0,0,0,9,1,0,0
Jsoup/87,src_main_java_org_jsoup_nodes_Element,0,114,0,0,0,0,114,0,0,0,0,0,0,0,114,0,0,0,0,0,0,0,114,0,0,0
Jsoup/87,src_main_java_org_jsoup_parser_HtmlTreeBuilder,0,63,0,0,0,0,76,13,0,0,0,0,0,0,76,13,0,0,0,0,0,0,76,13,0,0
Jsoup/87,src_main_java_org_jsoup_parser_HtmlTreeBuilderState,0,31,0,0,0,0,42,11,0,0,0,0,0,0,42,11,0,0,0,0,0,0,42,11,0,0
Jsoup/87,src_main_java_org_jsoup_parser_Tag,0,20,0,0,0,0,21,1,0,0,0,0,0,0,21,1,0,0,0,0,0,0,21,1,0,0
Jsoup/88,src_main_java_org_jsoup_nodes_Attribute,0,19,0,0,0,0,20,1,0,0,0,0,0,0,20,1,0,0,0,0,0,0,20,1,0,0
Jsoup/89,src_main_java_org_jsoup_nodes_Attribute,0,19,0,0,0,0,20,1,0,0,0,0,0,0,20,1,0,0,0,0,0,0,20,1,0,0
Jsoup/9,src_main_java_org_jsoup_nodes_Entities,0,5,0,0,0,0,5,0,0,0,0,0,0,0,5,0,0,0,0,0,0,0,5,0,0,0
Jsoup/90,src_main_java_org_jsoup_helper_HttpConnection,0,124,0,0,0,0,125,1,0,0,0,0,0,0,125,1,0,0,0,0,0,0,125,1,0,0
Jsoup/91,src_main_java_org_jsoup_UncheckedIOException,0,2,0,0,0,0,2,0,0,0,0,0,0,0,2,0,0,0,0,0,0,0,2,0,0,0
Jsoup/91,src_main_java_org_jsoup_parser_CharacterReader,0,38,0,0,0,0,40,2,0,0,0,0,0,0,40,2,0,0,0,0,0,0,40,2,0,0
Jsoup/92,src_main_java_org_jsoup_nodes_Attributes,0,40,0,0,0,0,41,1,0,0,0,0,0,0,41,1,0,0,0,0,0,0,41,1,0,0
Jsoup/92,src_main_java_org_jsoup_parser_HtmlTreeBuilder,0,75,0,0,0,0,76,1,0,0,0,0,0,0,76,1,0,0,0,0,0,0,76,1,0,0
Jsoup/92,src_main_java_org_jsoup_parser_ParseSettings,0,5,0,0,0,0,5,0,0,0,0,0,0,0,5,0,0,0,0,0,0,0,5,0,0,0
Jsoup/92,src_main_java_org_jsoup_parser_Token,0,59,0,0,0,0,60,1,0,0,0,0,0,0,60,1,0,0,0,0,0,0,60,1,0,0
Jsoup/92,src_main_java_org_jsoup_parser_XmlTreeBuilder,0,12,0,0,0,0,13,1,0,0,0,0,0,0,13,1,0,0,0,0,0,0,13,1,0,0
Jsoup/93,src_main_java_org_jsoup_nodes_FormElement,0,5,0,0,0,0,6,1,0,0,0,0,0,0,6,1,0,0,0,0,0,0,6,1,0,0
JxPath/1,src_java_org_apache_commons_jxpath_ri_model_dom_DOMNodePointer,0,42,0,0,0,0,43,1,0,0,0,0,0,0,43,1,0,0,0,0,0,0,43,1,0,0
JxPath/1,src_java_org_apache_commons_jxpath_ri_model_jdom_JDOMNodePointer,0,40,0,0,0,0,41,1,0,0,0,0,0,0,41,1,0,0,0,0,0,0,41,1,0,0
JxPath/10,src_java_org_apache_commons_jxpath_ri_compiler_CoreOperationRelationalExpression,0,8,0,0,0,0,9,1,0,0,0,0,0,0,9,1,0,0,0,0,0,0,9,1,0,0
JxPath/11,src_java_org_apache_commons_jxpath_ri_model_dom_DOMAttributeIterator,0,6,0,0,0,0,7,1,0,0,0,0,0,0,7,1,0,0,0,0,0,0,7,1,0,0
JxPath/11,src_java_org_apache_commons_jxpath_ri_model_jdom_JDOMAttributeIterator,0,3,0,0,0,0,4,1,0,0,0,0,0,0,4,1,0,0,0,0,0,0,4,1,0,0
JxPath/12,src_java_org_apache_commons_jxpath_ri_model_dom_DOMNodePointer,0,43,0,0,0,0,44,1,0,0,0,0,0,0,44,1,0,0,0,0,0,0,44,1,0,0
JxPath/14,src_java_org_apache_commons_jxpath_ri_compiler_CoreFunction,0,40,0,0,0,0,43,3,0,0,0,0,0,0,43,3,0,0,0,0,0,0,43,3,0,0
JxPath/15,src_java_org_apache_commons_jxpath_ri_axes_UnionContext,0,2,0,0,0,0,3,1,0,0,0,0,0,0,3,1,0,0,0,0,0,0,3,1,0,0
JxPath/16,src_java_org_apache_commons_jxpath_ri_model_dom_DOMNodePointer,0,44,0,0,0,0,45,1,0,0,0,0,0,0,45,1,0,0,0,0,0,0,45,1,0,0
JxPath/16,src_java_org_apache_commons_jxpath_ri_model_jdom_JDOMNodePointer,0,42,0,0,0,0,43,1,0,0,0,0,0,0,43,1,0,0,0,0,0,0,43,1,0,0
JxPath/18,src_java_org_apache_commons_jxpath_ri_axes_AttributeContext,0,4,0,0,0,0,5,1,0,0,0,0,0,0,5,1,0,0,0,0,0,0,5,1,0,0
JxPath/19,src_java_org_apache_commons_jxpath_ri_model_dom_DOMNodePointer,0,42,0,0,0,0,43,1,0,0,0,0,0,0,43,1,0,0,0,0,0,0,43,1,0,0
JxPath/19,src_java_org_apache_commons_jxpath_ri_model_jdom_JDOMNodePointer,0,40,0,0,0,0,41,1,0,0,0,0,0,0,41,1,0,0,0,0,0,0,41,1,0,0
JxPath/2,src_java_org_apache_commons_jxpath_ri_compiler_Expression,0,12,0,0,0,0,14,2,0,0,0,0,0,0,14,2,0,0,0,0,0,0,14,2,0,0
JxPath/20,src_java_org_apache_commons_jxpath_ri_compiler_CoreOperationRelationalExpression,0,8,0,0,0,0,9,1,0,0,0,0,0,0,9,1,0,0,0,0,0,0,9,1,0,0
JxPath/21,src_java_org_apache_commons_jxpath_ri_model_beans_PropertyPointer,0,22,0,0,0,0,23,1,0,0,0,0,0,0,23,1,0,0,0,0,0,0,23,1,0,0
JxPath/22,src_java_org_apache_commons_jxpath_ri_model_dom_DOMNodePointer,0,43,0,0,0,0,44,1,0,0,0,0,0,0,44,1,0,0,0,0,0,0,44,1,0,0
JxPath/3,src_java_org_apache_commons_jxpath_ri_model_beans_NullPropertyPointer,0,22,0,0,0,0,24,2,0,0,0,0,0,0,24,2,0,0,0,0,0,0,24,2,0,0
JxPath/5,src_java_org_apache_commons_jxpath_ri_model_NodePointer,0,56,0,0,0,0,57,1,0,0,0,0,0,0,57,1,0,0,0,0,0,0,57,1,0,0
JxPath/6,src_java_org_apache_commons_jxpath_ri_compiler_CoreOperationCompare,0,4,0,0,0,0,5,1,0,0,0,0,0,0,5,1,0,0,0,0,0,0,5,1,0,0
JxPath/7,src_java_org_apache_commons_jxpath_ri_compiler_CoreOperationGreaterThan,0,2,0,0,0,0,2,0,0,0,0,0,0,0,2,0,1,0,0,0,0,0,2,0,0,0
JxPath/7,src_java_org_apache_commons_jxpath_ri_compiler_CoreOperationGreaterThanOrEqual,0,2,0,0,0,0,2,0,0,0,0,0,0,0,2,0,1,0,0,0,0,0,2,0,0,0
JxPath/7,src_java_org_apache_commons_jxpath_ri_compiler_CoreOperationLessThan,0,2,0,0,0,0,2,0,0,0,0,0,0,0,2,0,1,0,0,0,0,0,2,0,0,0
JxPath/7,src_java_org_apache_commons_jxpath_ri_compiler_CoreOperationLessThanOrEqual,0,2,0,0,0,0,2,0,0,0,0,0,0,0,2,0,1,0,0,0,0,0,2,0,0,0
JxPath/7,src_java_org_apache_commons_jxpath_ri_compiler_CoreOperationRelationalExpression,0,3,0,0,0,0,3,0,0,0,0,0,0,0,3,0,0,0,0,0,0,0,3,0,0,0
JxPath/8,src_java_org_apache_commons_jxpath_ri_compiler_CoreOperationRelationalExpression,0,8,0,0,0,0,9,1,0,0,0,0,0,0,9,1,0,0,0,0,0,0,9,1,0,0
Lang/1,src_main_java_org_apache_commons_lang3_math_NumberUtils,0,47,0,0,0,0,48,1,0,0,0,0,0,0,48,1,0,0,0,0,0,0,48,1,0,0
Lang/10,src_main_java_org_apache_commons_lang3_time_FastDateParser,0,49,0,0,0,0,50,1,0,0,0,0,0,0,50,1,0,0,0,0,0,0,50,1,0,0
Lang/11,src_main_java_org_apache_commons_lang3_RandomStringUtils,0,11,0,0,0,0,12,1,0,0,0,0,0,0,12,1,0,0,0,0,0,0,12,1,0,0
Lang/12,src_main_java_org_apache_commons_lang3_RandomStringUtils,0,11,0,0,0,0,12,1,0,0,0,0,0,0,12,1,0,0,0,0,0,0,12,1,0,0
Lang/13,src_main_java_org_apache_commons_lang3_SerializationUtils,0,6,0,0,0,0,8,2,0,0,0,0,0,0,8,2,0,0,0,0,0,0,8,2,0,0
Lang/14,src_main_java_org_apache_commons_lang3_StringUtils,0,165,0,0,0,0,166,1,0,0,0,0,0,0,166,1,0,0,0,0,0,0,166,1,0,0
Lang/15,src_main_java_org_apache_commons_lang3_reflect_TypeUtils,0,26,0,0,0,0,28,2,0,0,0,0,0,0,28,2,0,0,0,0,0,0,28,2,0,0
Lang/16,src_main_java_org_apache_commons_lang3_math_NumberUtils,0,46,0,0,0,0,47,1,0,0,0,0,0,0,47,1,0,0,0,0,0,0,47,1,0,0
Lang/17,src_main_java_org_apache_commons_lang3_text_translate_CharSequenceTranslator,0,4,0,0,0,0,5,1,0,0,0,0,0,0,5,1,0,0,0,0,0,0,5,1,0,0
Lang/18,src_main_java_org_apache_commons_lang3_time_FastDateFormat,0,93,0,0,0,0,94,1,0,0,0,0,0,0,94,1,0,0,0,0,0,0,94,1,0,0
Lang/19,src_main_java_org_apache_commons_lang3_text_translate_NumericEntityUnescaper,0,0,0,0,0,0,1,1,0,0,0,0,0,0,1,1,0,0,0,0,0,0,1,1,0,0
Lang/20,src_main_java_org_apache_commons_lang3_StringUtils,0,163,0,0,0,0,165,2,0,0,0,0,0,0,165,2,0,0,0,0,0,0,165,2,0,0
Lang/21,src_main_java_org_apache_commons_lang3_time_DateUtils,0,60,0,0,0,0,61,1,0,0,0,0,0,0,61,1,0,0,0,0,0,0,61,1,0,0
Lang/22,src_main_java_org_apache_commons_lang3_math_Fraction,0,33,0,0,0,0,34,1,0,0,0,0,0,0,34,1,0,0,0,0,0,0,34,1,0,0
Lang/23,src_main_java_org_apache_commons_lang3_text_ExtendedMessageFormat,0,19,0,0,0,0,19,0,0,0,0,0,0,0,19,0,0,0,0,0,0,0,19,0,0,0
Lang/24,src_main_java_org_apache_commons_lang3_math_NumberUtils,0,46,0,0,0,0,47,1,0,0,0,0,0,0,47,1,0,0,0,0,0,0,47,1,0,0
Lang/26,src_main_java_org_apache_commons_lang3_time_FastDateFormat,0,98,0,0,0,0,99,1,0,0,0,0,0,0,99,1,0,0,0,0,0,0,99,1,0,0
Lang/27,src_main_java_org_apache_commons_lang3_math_NumberUtils,0,46,0,0,0,0,47,1,0,0,0,0,0,0,47,1,0,0,0,0,0,0,47,1,0,0
Lang/28,src_main_java_org_apache_commons_lang3_text_translate_NumericEntityUnescaper,0,0,0,0,0,0,1,1,0,0,0,0,0,0,1,1,0,0,0,0,0,0,1,1,0,0
Lang/29,src_main_java_org_apache_commons_lang3_SystemUtils,0,23,0,0,0,0,24,1,0,0,0,0,0,0,24,1,0,0,0,0,0,0,24,1,0,0
Lang/3,src_main_java_org_apache_commons_lang3_math_NumberUtils,0,47,0,0,0,0,48,1,0,0,0,0,0,0,48,1,0,0,0,0,0,0,48,1,0,0
Lang/30,src_main_java_org_apache_commons_lang3_StringUtils,0,152,0,0,0,0,158,6,0,0,0,0,0,0,158,6,0,0,0,0,0,0,158,6,0,0
Lang/31,src_main_java_org_apache_commons_lang3_StringUtils,0,157,0,0,0,0,158,1,0,0,0,0,0,0,158,1,0,0,0,0,0,0,158,1,0,0
Lang/32,src_main_java_org_apache_commons_lang3_builder_HashCodeBuilder,0,33,0,0,0,0,36,3,0,0,0,0,0,0,36,3,0,0,0,0,0,0,36,3,0,0
Lang/33,src_main_java_org_apache_commons_lang3_ClassUtils,0,35,0,0,0,0,36,1,0,0,0,0,0,0,36,1,0,0,0,0,0,0,36,1,0,0
Lang/34,src_main_java_org_apache_commons_lang3_builder_ToStringStyle,0,120,0,0,0,0,122,2,0,0,0,0,0,0,122,2,0,0,0,0,0,0,122,2,0,0
Lang/35,src_main_java_org_apache_commons_lang3_ArrayUtils,0,173,0,0,0,0,175,2,0,0,0,0,0,0,175,2,0,0,0,0,0,0,175,2,0,0
Lang/36,src_java_org_apache_commons_lang3_math_NumberUtils,0,45,0,0,0,0,47,2,0,0,0,0,0,0,47,2,0,0,0,0,0,0,47,2,0,0
Lang/37,src_java_org_apache_commons_lang3_ArrayUtils,0,173,0,0,0,0,174,1,0,0,0,0,0,0,174,1,0,0,0,0,0,0,174,1,0,0
Lang/38,src_java_org_apache_commons_lang3_time_FastDateFormat,0,98,0,0,0,0,99,1,0,0,0,0,0,0,99,1,0,0,0,0,0,0,99,1,0,0
Lang/39,src_java_org_apache_commons_lang3_StringUtils,0,150,0,0,0,0,151,1,0,0,0,0,0,0,151,1,0,0,0,0,0,0,151,1,0,0
Lang/4,src_main_java_org_apache_commons_lang3_text_translate_LookupTranslator,0,0,0,0,0,0,2,2,0,0,0,0,0,0,2,2,0,0,0,0,0,0,2,2,0,0
Lang/40,src_java_org_apache_commons_lang_StringUtils,0,149,0,0,0,0,150,1,0,0,0,0,0,0,150,1,0,0,0,0,0,0,150,1,0,0
Lang/41,src_java_org_apache_commons_lang_ClassUtils,0,34,0,0,0,0,36,2,0,0,0,0,0,0,35,1,0,1,0,0,0,0,36,2,0,0
Lang/43,src_java_org_apache_commons_lang_text_ExtendedMessageFormat,0,18,0,0,0,0,19,1,0,0,0,0,0,0,19,1,0,0,0,0,0,0,19,1,0,0
Lang/44,src_java_org_apache_commons_lang_NumberUtils,0,18,0,0,0,0,19,1,0,0,0,0,0,0,19,1,0,0,0,0,0,0,19,1,0,0
Lang/45,src_java_org_apache_commons_lang_WordUtils,0,13,0,0,0,0,14,1,0,0,0,0,0,0,14,1,0,0,0,0,0,0,14,1,0,0
Lang/46,src_java_org_apache_commons_lang_StringEscapeUtils,0,19,0,0,0,0,25,6,0,0,0,0,0,0,25,6,0,0,0,0,0,0,25,6,0,0
Lang/47,src_java_org_apache_commons_lang_text_StrBuilder,0,150,0,0,0,0,152,2,0,0,0,0,0,0,152,2,0,0,0,0,0,0,152,2,0,0
Lang/48,src_java_org_apache_commons_lang_builder_EqualsBuilder,0,28,0,0,0,0,29,1,0,0,0,0,0,0,29,1,0,0,0,0,0,0,29,1,0,0
Lang/49,src_java_org_apache_commons_lang_math_Fraction,0,33,0,0,0,0,34,1,0,0,0,0,0,0,34,1,0,0,0,0,0,0,34,1,0,0
Lang/50,src_java_org_apache_commons_lang_time_FastDateFormat,0,97,0,0,0,0,99,2,0,0,0,0,0,0,99,2,0,0,0,0,0,0,99,2,0,0
Lang/51,src_java_org_apache_commons_lang_BooleanUtils,0,36,0,0,0,0,37,1,0,0,0,0,0,0,37,1,0,0,0,0,0,0,37,1,0,0
Lang/52,src_java_org_apache_commons_lang_StringEscapeUtils,0,20,0,0,0,0,21,1,0,0,0,0,0,0,21,1,0,0,0,0,0,0,21,1,0,0
Lang/53,src_java_org_apache_commons_lang_time_DateUtils,0,29,0,0,0,0,30,1,0,0,0,0,0,0,30,1,0,0,0,0,0,0,30,1,0,0
Lang/54,src_java_org_apache_commons_lang_LocaleUtils,0,8,0,0,0,0,9,1,0,0,0,0,0,0,9,1,0,0,0,0,0,0,9,1,0,0
Lang/55,src_java_org_apache_commons_lang_time_StopWatch,0,11,0,0,0,0,12,1,0,0,0,0,0,0,12,1,0,0,0,0,0,0,12,1,0,0
Lang/56,src_java_org_apache_commons_lang_time_FastDateFormat,0,98,0,0,0,0,98,0,0,0,0,0,0,0,98,0,0,0,0,0,0,0,98,0,0,0
Lang/57,src_java_org_apache_commons_lang_LocaleUtils,0,8,0,0,0,0,9,1,0,0,0,0,0,0,9,1,0,0,0,0,0,0,9,1,0,0
Lang/58,src_java_org_apache_commons_lang_math_NumberUtils,0,52,0,0,0,0,53,1,0,0,0,0,0,0,53,1,0,0,0,0,0,0,53,1,0,0
Lang/59,src_java_org_apache_commons_lang_text_StrBuilder,0,129,0,0,0,0,130,1,0,0,0,0,0,0,130,1,0,0,0,0,0,0,130,1,0,0
Lang/6,src_main_java_org_apache_commons_lang3_text_translate_CharSequenceTranslator,0,4,0,0,0,0,5,1,0,0,0,0,0,0,5,1,0,0,0,0,0,0,5,1,0,0
Lang/60,src_java_org_apache_commons_lang_text_StrBuilder,0,128,0,0,0,0,130,2,0,0,0,0,0,0,130,2,0,0,0,0,0,0,130,2,0,0
Lang/61,src_java_org_apache_commons_lang_text_StrBuilder,0,129,0,0,0,0,130,1,0,0,0,0,0,0,130,1,0,0,0,0,0,0,130,1,0,0
Lang/63,src_java_org_apache_commons_lang_time_DurationFormatUtils,0,19,0,0,0,0,20,1,0,0,0,0,0,0,20,1,0,0,0,0,0,0,20,1,0,0
Lang/64,src_java_org_apache_commons_lang_enums_ValuedEnum,0,4,0,0,0,0,5,1,0,0,0,0,0,0,5,1,0,0,0,0,0,0,5,1,0,0
Lang/65,src_java_org_apache_commons_lang_time_DateUtils,0,29,0,0,0,0,30,1,0,0,0,0,0,0,30,1,0,0,0,0,0,0,30,1,0,0
Lang/7,src_main_java_org_apache_commons_lang3_math_NumberUtils,0,45,0,0,0,0,47,2,0,0,0,0,0,0,47,2,0,0,0,0,0,0,47,2,0,0
Lang/8,src_main_java_org_apache_commons_lang3_time_FastDatePrinter,0,73,0,0,0,0,75,2,0,0,0,0,0,0,75,2,0,0,0,0,0,0,75,2,0,0
Lang/9,src_main_java_org_apache_commons_lang3_time_FastDateParser,0,49,0,0,0,0,50,1,0,0,0,0,0,0,50,1,0,0,0,0,0,0,50,1,0,0
Math/1,src_main_java_org_apache_commons_math3_fraction_BigFraction,0,53,0,0,0,0,54,1,0,0,0,0,0,0,54,1,0,0,0,0,0,0,54,1,0,0
Math/1,src_main_java_org_apache_commons_math3_fraction_Fraction,0,30,0,0,0,0,31,1,0,0,0,0,0,0,31,1,0,0,0,0,0,0,31,1,0,0
Math/10,src_main_java_org_apache_commons_math3_analysis_differentiation_DSCompiler,0,46,0,0,0,0,47,1,0,0,0,0,0,0,47,1,0,0,0,0,0,0,47,1,0,0
Math/100,src_java_org_apache_commons_math_estimation_AbstractEstimator,0,11,0,0,0,0,13,2,0,0,0,0,0,0,13,2,0,0,0,0,0,0,13,2,0,0
Math/101,src_java_org_apache_commons_math_complex_ComplexFormat,0,27,0,0,0,0,28,1,0,0,0,0,0,0,28,1,0,0,0,0,0,0,28,1,0,0
Math/102,src_java_org_apache_commons_math_stat_inference_ChiSquareTestImpl,0,17,0,0,0,0,18,1,0,0,0,0,0,0,18,1,0,0,0,0,0,0,18,1,0,0
Math/103,src_java_org_apache_commons_math_distribution_NormalDistributionImpl,0,10,0,0,0,0,11,1,0,0,0,0,0,0,11,1,0,0,0,0,0,0,11,1,0,0
Math/104,src_java_org_apache_commons_math_special_Gamma,0,8,0,0,0,0,8,0,0,0,0,0,0,0,8,0,0,0,0,0,0,0,8,0,0,0
Math/105,src_java_org_apache_commons_math_stat_regression_SimpleRegression,0,21,0,0,0,0,22,1,0,0,0,0,0,0,22,1,0,0,0,0,0,0,22,1,0,0
Math/106,src_java_org_apache_commons_math_fraction_ProperFractionFormat,0,6,0,0,0,0,7,1,0,0,0,0,0,0,7,1,0,0,0,0,0,0,7,1,0,0
Math/11,src_main_java_org_apache_commons_math3_distribution_MultivariateNormalDistribution,0,7,0,0,0,0,8,1,0,0,0,0,0,0,8,1,0,0,0,0,0,0,8,1,0,0
Math/12,src_main_java_org_apache_commons_math3_random_BitsStreamGenerator,0,14,0,0,0,0,14,0,0,0,0,0,0,0,14,0,0,0,0,0,0,0,14,0,0,0
Math/13,src_main_java_org_apache_commons_math3_optimization_general_AbstractLeastSquaresOptimizer,0,21,0,0,0,0,22,1,0,0,0,0,0,0,21,0,0,1,0,0,0,0,22,1,0,0
Math/14,src_main_java_org_apache_commons_math3_optim_nonlinear_vector_Weight,0,2,0,0,0,0,3,1,0,0,0,0,0,0,3,1,0,0,0,0,0,0,3,1,0,0
Math/14,src_main_java_org_apache_commons_math3_optim_nonlinear_vector_jacobian_AbstractLeastSquaresOptimizer,0,12,0,0,0,0,13,1,0,0,0,0,0,0,13,1,0,0,0,0,0,0,13,1,0,0
Math/15,src_main_java_org_apache_commons_math3_util_FastMath,0,75,0,0,0,0,76,1,0,0,0,0,0,0,76,1,0,0,0,0,0,0,76,1,0,0
Math/16,src_main_java_org_apache_commons_math3_util_FastMath,0,74,0,0,0,0,76,2,0,0,0,0,0,0,76,2,0,0,0,0,0,0,76,2,0,0
Math/17,src_main_java_org_apache_commons_math3_dfp_Dfp,0,69,0,0,0,0,70,1,0,0,0,0,0,0,70,1,0,0,0,0,0,0,70,1,0,0
Math/18,src_main_java_org_apache_commons_math3_optimization_direct_CMAESOptimizer,0,51,0,0,0,0,54,3,0,0,0,0,0,0,54,3,0,0,0,0,0,0,54,3,0,0
Math/19,src_main_java_org_apache_commons_math3_optimization_direct_CMAESOptimizer,0,53,0,0,0,0,54,1,0,0,0,0,0,0,54,1,0,0,0,0,0,0,54,1,0,0
Math/2,src_main_java_org_apache_commons_math3_distribution_HypergeometricDistribution,0,17,0,0,0,0,18,1,0,0,0,0,0,0,18,1,0,0,0,0,0,0,18,1,0,0
Math/20,src_main_java_org_apache_commons_math3_optimization_direct_CMAESOptimizer,0,53,0,0,0,0,54,1,0,0,0,0,0,0,54,1,0,0,0,0,0,0,54,1,0,0
Math/21,src_main_java_org_apache_commons_math3_linear_RectangularCholeskyDecomposition,0,2,0,0,0,0,3,1,0,0,0,0,0,0,3,1,0,0,0,0,0,0,3,1,0,0
Math/22,src_main_java_org_apache_commons_math3_distribution_FDistribution,0,15,0,0,0,0,16,1,0,0,0,0,0,0,16,1,0,0,0,0,0,0,16,1,0,0
Math/22,src_main_java_org_apache_commons_math3_distribution_UniformRealDistribution,0,14,0,0,0,0,15,1,0,0,0,0,0,0,15,1,0,0,0,0,0,0,15,1,0,0
Math/23,src_main_java_org_apache_commons_math3_optimization_univariate_BrentOptimizer,0,3,0,0,0,0,4,1,0,0,0,0,0,0,4,1,0,0,0,0,0,0,4,1,0,0
Math/24,src_main_java_org_apache_commons_math3_optimization_univariate_BrentOptimizer,0,3,0,0,0,0,4,1,0,0,0,0,0,0,4,1,0,0,0,0,0,0,4,1,0,0
Math/25,src_main_java_org_apache_commons_math3_optimization_fitting_HarmonicFitter,0,7,0,0,0,0,8,1,0,0,0,0,0,0,8,1,0,0,0,0,0,0,8,1,0,0
Math/26,src_main_java_org_apache_commons_math3_fraction_Fraction,0,30,0,0,0,0,31,1,0,0,0,0,0,0,31,1,0,0,0,0,0,0,31,1,0,0
Math/27,src_main_java_org_apache_commons_math3_fraction_Fraction,0,30,0,0,0,0,31,1,0,0,0,0,0,0,30,0,0,1,0,0,0,0,31,1,0,0
Math/28,src_main_java_org_apache_commons_math3_optimization_linear_SimplexSolver,0,6,0,0,0,0,7,1,0,0,0,0,0,0,7,1,0,0,0,0,0,0,7,1,0,0
Math/29,src_main_java_org_apache_commons_math3_linear_OpenMapRealVector,0,56,0,0,0,0,58,2,0,0,0,0,0,0,57,1,0,1,0,0,0,0,58,2,0,0
Math/3,src_main_java_org_apache_commons_math3_util_MathArrays,0,44,0,0,0,0,45,1,0,0,0,0,0,0,45,1,0,0,0,0,0,0,45,1,0,0
Math/30,src_main_java_org_apache_commons_math3_stat_inference_MannWhitneyUTest,0,6,0,0,0,0,7,1,0,0,0,0,0,0,7,1,0,0,0,0,0,0,7,1,0,0
Math/31,src_main_java_org_apache_commons_math3_util_ContinuedFraction,0,6,0,0,0,0,7,1,0,0,0,0,0,0,7,1,0,0,0,0,0,0,7,1,0,0
Math/32,src_main_java_org_apache_commons_math3_geometry_euclidean_twod_PolygonsSet,0,19,0,0,0,0,20,1,0,0,0,0,0,0,20,1,0,0,0,0,0,0,20,1,0,0
Math/33,src_main_java_org_apache_commons_math3_optimization_linear_SimplexTableau,0,31,0,0,0,0,32,1,0,0,0,0,0,0,32,1,0,0,0,0,0,0,32,1,0,0
Math/34,src_main_java_org_apache_commons_math3_genetics_ListPopulation,0,12,0,0,0,0,13,1,0,0,0,0,0,0,13,1,0,0,0,0,0,0,13,1,0,0
Math/35,src_main_java_org_apache_commons_math3_genetics_ElitisticListPopulation,0,3,0,0,0,0,5,2,0,0,0,0,0,0,5,2,0,0,0,0,0,0,5,2,0,0
Math/36,src_main_java_org_apache_commons_math_fraction_BigFraction,0,52,0,0,0,0,54,2,0,0,0,0,0,0,54,2,0,0,0,0,0,0,54,2,0,0
Math/37,src_main_java_org_apache_commons_math_complex_Complex,0,42,0,0,0,0,44,2,0,0,0,0,0,0,44,2,0,0,0,0,0,0,44,2,0,0
Math/38,src_main_java_org_apache_commons_math_optimization_direct_BOBYQAOptimizer,0,14,0,0,0,0,15,1,0,0,0,0,0,0,15,1,0,0,0,0,0,0,15,1,0,0
Math/39,src_main_java_org_apache_commons_math_ode_nonstiff_EmbeddedRungeKuttaIntegrator,0,10,0,0,0,0,11,1,0,0,0,0,0,0,11,1,0,0,0,0,0,0,11,1,0,0
Math/4,src_main_java_org_apache_commons_math3_geometry_euclidean_threed_SubLine,0,5,0,0,0,0,6,1,0,0,0,0,0,0,6,1,0,0,0,0,0,0,6,1,0,0
Math/4,src_main_java_org_apache_commons_math3_geometry_euclidean_twod_SubLine,0,8,0,0,0,0,9,1,0,0,0,0,0,0,9,1,0,0,0,0,0,0,9,1,0,0
Math/40,src_main_java_org_apache_commons_math_analysis_solvers_BracketingNthOrderBrentSolver,0,8,0,0,0,0,9,1,0,0,0,0,0,0,9,1,0,0,0,0,0,0,9,1,0,0
Math/41,src_main_java_org_apache_commons_math_stat_descriptive_moment_Variance,0,20,0,0,0,0,21,1,0,0,0,0,0,0,21,1,0,0,0,0,0,0,21,1,0,0
Math/42,src_main_java_org_apache_commons_math_optimization_linear_SimplexTableau,0,31,0,0,0,0,32,1,0,0,0,0,0,0,32,1,0,0,0,0,0,0,32,1,0,0
Math/43,src_main_java_org_apache_commons_math_stat_descriptive_SummaryStatistics,0,38,0,0,0,0,39,1,0,0,0,0,0,0,39,1,0,0,0,0,0,0,39,1,0,0
Math/44,src_main_java_org_apache_commons_math_ode_AbstractIntegrator,0,23,0,0,0,0,24,1,0,0,0,0,0,0,24,1,0,0,0,0,0,0,24,1,0,0
Math/45,src_main_java_org_apache_commons_math_linear_OpenMapRealMatrix,0,15,0,0,0,0,16,1,0,0,0,0,0,0,16,1,0,0,0,0,0,0,16,1,0,0
Math/46,src_main_java_org_apache_commons_math_complex_Complex,0,40,0,0,0,0,42,2,0,0,0,0,0,0,42,2,0,0,0,0,0,0,42,2,0,0
Math/47,src_main_java_org_apache_commons_math_complex_Complex,0,39,0,0,0,0,42,3,0,0,0,0,0,0,42,3,0,0,0,0,0,0,42,3,0,0
Math/48,src_main_java_org_apache_commons_math_analysis_solvers_BaseSecantSolver,0,6,0,0,0,0,7,1,0,0,0,0,0,0,7,1,0,0,0,0,0,0,7,1,0,0
Math/49,src_main_java_org_apache_commons_math_linear_OpenMapRealVector,0,65,0,0,0,0,69,4,0,0,0,0,0,0,69,4,0,0,0,0,0,0,69,4,0,0
Math/5,src_main_java_org_apache_commons_math3_complex_Complex,0,43,0,0,0,0,44,1,0,0,0,0,0,0,44,1,0,0,0,0,0,0,44,1,0,0
Math/50,src_main_java_org_apache_commons_math_analysis_solvers_BaseSecantSolver,0,6,0,0,0,0,7,1,0,0,0,0,0,0,7,1,0,0,0,0,0,0,7,1,0,0
Math/51,src_main_java_org_apache_commons_math_analysis_solvers_BaseSecantSolver,0,6,0,0,0,0,7,1,0,0,0,0,0,0,7,1,0,0,0,0,0,0,7,1,0,0
Math/52,src_main_java_org_apache_commons_math_geometry_euclidean_threed_Rotation,0,20,0,0,0,0,21,1,0,0,0,0,0,0,21,1,0,0,0,0,0,0,21,1,0,0
Math/53,src_main_java_org_apache_commons_math_complex_Complex,0,34,0,0,0,0,35,1,0,0,0,0,0,0,35,1,0,0,0,0,0,0,35,1,0,0
Math/54,src_main_java_org_apache_commons_math_dfp_Dfp,0,60,0,0,0,0,62,2,0,0,0,0,0,0,62,2,0,0,0,0,0,0,62,2,0,0
Math/55,src_main_java_org_apache_commons_math_geometry_Vector3D,0,34,0,0,0,0,35,1,0,0,0,0,0,0,34,0,0,1,0,0,0,0,34,0,0,1
Math/56,src_main_java_org_apache_commons_math_util_MultidimensionalCounter,0,14,0,0,0,0,15,1,0,0,0,0,0,0,15,1,0,0,0,0,0,0,15,1,0,0
Math/57,src_main_java_org_apache_commons_math_stat_clustering_KMeansPlusPlusClusterer,0,8,0,0,0,0,9,1,0,0,0,0,0,0,9,1,0,0,0,0,0,0,9,1,0,0
Math/58,src_main_java_org_apache_commons_math_optimization_fitting_GaussianFitter,0,13,0,0,0,0,14,1,0,0,0,0,0,0,14,1,0,0,0,0,0,0,14,1,0,0
Math/59,src_main_java_org_apache_commons_math_util_FastMath,0,67,0,0,0,0,68,1,0,0,0,0,0,0,68,1,0,0,0,0,0,0,68,1,0,0
Math/6,src_main_java_org_apache_commons_math3_optim_BaseOptimizer,0,12,0,0,0,0,13,1,0,0,0,0,0,0,13,1,0,0,0,0,0,0,13,1,0,0
Math/6,src_main_java_org_apache_commons_math3_optim_nonlinear_scalar_gradient_NonLinearConjugateGradientOptimizer,0,12,0,0,0,0,13,1,0,0,0,0,0,0,13,1,0,0,0,0,0,0,13,1,0,0
Math/6,src_main_java_org_apache_commons_math3_optim_nonlinear_scalar_noderiv_CMAESOptimizer,0,52,0,0,0,0,53,1,0,0,0,0,0,0,53,1,0,0,0,0,0,0,53,1,0,0
Math/6,src_main_java_org_apache_commons_math3_optim_nonlinear_scalar_noderiv_PowellOptimizer,0,9,0,0,0,0,10,1,0,0,0,0,0,0,10,1,0,0,0,0,0,0,10,1,0,0
Math/6,src_main_java_org_apache_commons_math3_optim_nonlinear_scalar_noderiv_SimplexOptimizer,0,7,0,0,0,0,8,1,0,0,0,0,0,0,8,1,0,0,0,0,0,0,8,1,0,0
Math/6,src_main_java_org_apache_commons_math3_optim_nonlinear_vector_jacobian_GaussNewtonOptimizer,0,3,0,0,0,0,4,1,0,0,0,0,0,0,4,1,0,0,0,0,0,0,4,1,0,0
Math/6,src_main_java_org_apache_commons_math3_optim_nonlinear_vector_jacobian_LevenbergMarquardtOptimizer,0,10,0,0,0,0,11,1,0,0,0,0,0,0,11,1,0,0,0,0,0,0,11,1,0,0
Math/60,src_main_java_org_apache_commons_math_distribution_NormalDistributionImpl,0,12,0,0,0,0,13,1,0,0,0,0,0,0,13,1,0,0,0,0,0,0,13,1,0,0
Math/61,src_main_java_org_apache_commons_math_distribution_PoissonDistributionImpl,0,10,0,0,0,0,11,1,0,0,0,0,0,0,11,1,0,0,0,0,0,0,11,1,0,0
Math/62,src_main_java_org_apache_commons_math_optimization_univariate_MultiStartUnivariateRealOptimizer,0,9,0,0,0,0,11,2,0,0,0,0,0,0,11,2,0,0,0,0,0,0,11,2,0,0
Math/63,src_main_java_org_apache_commons_math_util_MathUtils,0,68,0,0,0,0,69,1,0,0,0,0,0,0,69,1,0,0,0,0,0,0,69,1,0,0
Math/64,src_main_java_org_apache_commons_math_optimization_general_LevenbergMarquardtOptimizer,0,10,0,0,0,0,11,1,0,0,0,0,0,0,11,1,0,0,0,0,0,0,11,1,0,0
Math/65,src_main_java_org_apache_commons_math_optimization_general_AbstractLeastSquaresOptimizer,0,17,0,0,0,0,19,2,0,0,0,0,0,0,17,0,1,2,0,0,0,0,17,0,1,2
Math/66,src_main_java_org_apache_commons_math_optimization_univariate_BrentOptimizer,0,0,0,0,0,0,3,3,0,0,0,0,0,0,2,2,1,1,0,0,0,0,2,2,1,1
Math/67,src_main_java_org_apache_commons_math_optimization_MultiStartUnivariateRealOptimizer,0,18,0,0,0,0,20,2,0,0,0,0,0,0,18,0,0,2,0,0,0,0,20,2,0,0
Math/68,src_main_java_org_apache_commons_math_optimization_general_LevenbergMarquardtOptimizer,0,8,0,0,0,0,10,2,0,0,0,0,0,0,10,2,0,0,0,0,0,0,10,2,0,0
Math/69,src_main_java_org_apache_commons_math_stat_correlation_PearsonsCorrelation,0,12,0,0,0,0,13,1,0,0,0,0,0,0,13,1,0,0,0,0,0,0,13,1,0,0
Math/7,src_main_java_org_apache_commons_math3_ode_AbstractIntegrator,0,23,0,0,0,0,24,1,0,0,0,0,0,0,24,1,0,0,0,0,0,0,24,1,0,0
Math/70,src_main_java_org_apache_commons_math_analysis_solvers_BisectionSolver,0,5,0,0,0,0,6,1,0,0,0,0,0,0,6,1,0,0,0,0,0,0,6,1,0,0
Math/71,src_main_java_org_apache_commons_math_ode_nonstiff_EmbeddedRungeKuttaIntegrator,0,10,0,0,0,0,11,1,0,0,0,0,0,0,11,1,0,0,0,0,0,0,11,1,0,0
Math/71,src_main_java_org_apache_commons_math_ode_nonstiff_RungeKuttaIntegrator,0,1,0,0,0,0,2,1,0,0,0,0,0,0,2,1,0,0,0,0,0,0,2,1,0,0
Math/72,src_main_java_org_apache_commons_math_analysis_solvers_BrentSolver,0,6,0,0,0,0,7,1,0,0,0,0,0,0,7,1,0,0,0,0,0,0,7,1,0,0
Math/73,src_main_java_org_apache_commons_math_analysis_solvers_BrentSolver,0,6,0,0,0,0,7,1,0,0,0,0,0,0,7,1,0,0,0,0,0,0,7,1,0,0
Math/74,src_main_java_org_apache_commons_math_ode_nonstiff_EmbeddedRungeKuttaIntegrator,0,10,0,0,0,0,11,1,0,0,0,0,0,0,11,1,0,0,0,0,0,0,11,1,0,0
Math/75,src_main_java_org_apache_commons_math_stat_Frequency,0,34,0,0,0,0,35,1,0,0,0,0,0,0,35,1,0,0,0,0,0,0,35,1,0,0
Math/76,src_main_java_org_apache_commons_math_linear_SingularValueDecompositionImpl,0,18,0,0,0,0,20,2,0,0,0,0,0,0,20,2,0,0,0,0,0,0,20,2,0,0
Math/77,src_main_java_org_apache_commons_math_linear_ArrayRealVector,0,102,0,0,0,0,103,1,0,0,0,0,0,0,103,1,0,0,0,0,0,0,103,1,0,0
Math/77,src_main_java_org_apache_commons_math_linear_OpenMapRealVector,0,69,0,0,0,0,69,0,0,0,0,0,0,0,69,0,0,0,0,0,0,0,69,0,0,0
Math/78,src_main_java_org_apache_commons_math_ode_events_EventState,0,11,0,0,0,0,12,1,0,0,0,0,0,0,12,1,0,0,0,0,0,0,12,1,0,0
Math/79,src_main_java_org_apache_commons_math_util_MathUtils,0,60,0,0,0,0,61,1,0,0,0,0,0,0,61,1,0,0,0,0,0,0,61,1,0,0
Math/8,src_main_java_org_apache_commons_math3_distribution_DiscreteDistribution,0,6,0,0,0,0,7,1,0,0,0,0,0,0,7,1,0,0,0,0,0,0,7,1,0,0
Math/80,src_main_java_org_apache_commons_math_linear_EigenDecompositionImpl,0,41,0,0,0,0,42,1,0,0,0,0,0,0,42,1,0,0,0,0,0,0,42,1,0,0
Math/81,src_main_java_org_apache_commons_math_linear_EigenDecompositionImpl,0,39,0,0,0,0,42,3,0,0,0,0,0,0,42,3,0,0,0,0,0,0,42,3,0,0
Math/82,src_main_java_org_apache_commons_math_optimization_linear_SimplexSolver,0,8,0,0,0,0,9,1,0,0,0,0,0,0,9,1,0,0,0,0,0,0,9,1,0,0
Math/83,src_main_java_org_apache_commons_math_optimization_linear_SimplexTableau,0,32,0,0,0,0,34,2,0,0,0,0,0,0,34,2,0,0,0,0,0,0,34,2,0,0
Math/84,src_main_java_org_apache_commons_math_optimization_direct_MultiDirectional,0,3,0,0,0,0,4,1,0,0,0,0,0,0,4,1,0,0,0,0,0,0,4,1,0,0
Math/85,src_java_org_apache_commons_math_analysis_solvers_UnivariateRealSolverUtils,0,6,0,0,0,0,7,1,0,0,0,0,0,0,7,1,0,0,0,0,0,0,7,1,0,0
Math/86,src_java_org_apache_commons_math_linear_CholeskyDecompositionImpl,0,12,0,0,0,0,13,1,0,0,0,0,0,0,13,1,0,0,0,0,0,0,13,1,0,0
Math/87,src_java_org_apache_commons_math_optimization_linear_SimplexTableau,0,30,0,0,0,0,31,1,0,0,0,0,0,0,31,1,0,0,0,0,0,0,31,1,0,0
Math/88,src_java_org_apache_commons_math_optimization_linear_SimplexTableau,0,30,0,0,0,0,31,1,0,0,0,0,0,0,31,1,0,0,0,0,0,0,31,1,0,0
Math/89,src_java_org_apache_commons_math_stat_Frequency,0,28,0,0,0,0,29,1,0,0,0,0,0,0,29,1,0,0,0,0,0,0,29,1,0,0
Math/9,src_main_java_org_apache_commons_math3_geometry_euclidean_threed_Line,0,16,0,0,0,0,17,1,0,0,0,0,0,0,17,1,0,0,0,0,0,0,17,1,0,0
Math/90,src_java_org_apache_commons_math_stat_Frequency,0,27,0,0,0,0,28,1,0,0,0,0,0,0,27,0,1,1,0,0,0,0,27,0,1,1
Math/91,src_java_org_apache_commons_math_fraction_Fraction,0,22,0,0,0,0,23,1,0,0,0,0,0,0,23,1,0,0,0,0,0,0,23,1,0,0
Math/92,src_java_org_apache_commons_math_util_MathUtils,0,40,0,0,0,0,43,3,0,0,0,0,0,0,41,1,0,2,0,0,0,0,43,3,0,0
Math/93,src_java_org_apache_commons_math_util_MathUtils,0,40,0,0,0,0,43,3,0,0,0,0,0,0,43,3,0,0,0,0,0,0,43,3,0,0
Math/94,src_java_org_apache_commons_math_util_MathUtils,0,42,0,0,0,0,43,1,0,0,0,0,0,0,43,1,0,0,0,0,0,0,43,1,0,0
Math/95,src_java_org_apache_commons_math_distribution_FDistributionImpl,0,9,0,0,0,0,10,1,0,0,0,0,0,0,10,1,0,0,0,0,0,0,10,1,0,0
Math/96,src_java_org_apache_commons_math_complex_Complex,0,28,0,0,0,0,29,1,0,0,0,0,0,0,29,1,0,0,0,0,0,0,29,1,0,0
Math/97,src_java_org_apache_commons_math_analysis_BrentSolver,0,3,0,0,0,0,4,1,0,0,0,0,0,0,4,1,0,0,0,0,0,0,4,1,0,0
Math/98,src_java_org_apache_commons_math_linear_BigMatrixImpl,0,60,0,0,0,0,61,1,0,0,0,0,0,0,61,1,0,0,0,0,0,0,61,1,0,0
Math/98,src_java_org_apache_commons_math_linear_RealMatrixImpl,0,46,0,0,0,0,47,1,0,0,0,0,0,0,47,1,0,0,0,0,0,0,47,1,0,0
Math/99,src_java_org_apache_commons_math_util_MathUtils,0,42,0,0,0,0,44,2,0,0,0,0,0,0,44,2,0,0,0,0,0,0,44,2,0,0
Mockito/1,src_org_mockito_internal_invocation_InvocationMatcher,0,14,0,0,0,0,15,1,0,0,0,0,0,0,15,1,0,0,0,0,0,0,15,1,0,0
Mockito/10,src_org_mockito_internal_stubbing_defaultanswers_ReturnsDeepStubs,0,11,0,0,0,0,14,3,0,0,0,0,0,0,14,3,0,0,0,0,0,0,14,3,0,0
Mockito/11,src_org_mockito_internal_creation_DelegatingMethod,0,8,0,0,0,0,10,2,0,0,0,0,0,0,10,2,0,0,0,0,0,0,9,1,0,1
Mockito/12,src_org_mockito_internal_util_reflection_GenericMaster,0,0,0,0,0,0,1,1,0,0,0,0,0,0,1,1,0,0,0,0,0,0,1,1,0,0
Mockito/13,src_org_mockito_internal_MockHandler,0,7,0,0,0,0,8,1,0,0,0,0,0,0,8,1,0,0,0,0,0,0,8,1,0,0
Mockito/14,src_org_mockito_internal_MockHandler,0,7,0,0,0,0,8,1,0,0,0,0,0,0,8,1,0,0,0,0,0,0,8,1,0,0
Mockito/14,src_org_mockito_internal_MockitoCore,0,13,0,0,0,0,14,1,0,0,0,0,0,0,14,1,0,0,0,0,0,0,14,1,0,0
Mockito/15,src_org_mockito_internal_configuration_injection_FinalMockCandidateFilter,0,1,0,0,0,0,3,2,0,0,0,0,0,0,3,2,0,0,0,0,0,0,3,2,0,0
Mockito/16,src_org_mockito_Mockito,0,27,0,0,0,0,29,2,0,0,0,0,0,0,29,2,0,0,0,0,0,0,29,2,0,0
Mockito/16,src_org_mockito_internal_MockitoCore,0,12,0,0,0,0,13,1,0,0,0,0,0,0,12,0,1,1,0,0,0,0,12,0,1,1
Mockito/17,src_org_mockito_internal_creation_MockSettingsImpl,0,9,0,0,0,0,11,2,0,0,0,0,0,0,11,2,0,0,0,0,0,0,9,0,0,2
Mockito/17,src_org_mockito_internal_util_MockUtil,0,8,0,0,0,0,9,1,0,0,0,0,0,0,9,1,0,0,0,0,0,0,9,1,0,0
Mockito/18,src_org_mockito_internal_stubbing_defaultanswers_ReturnsEmptyValues,0,1,0,0,0,0,2,1,0,0,0,0,0,0,2,1,0,0,0,0,0,0,2,1,0,0
Mockito/19,src_org_mockito_internal_configuration_injection_PropertyAndSetterInjection,0,5,0,0,0,0,6,1,0,0,0,0,0,0,6,1,0,0,0,0,0,0,6,1,0,0
Mockito/19,src_org_mockito_internal_configuration_injection_filter_FinalMockCandidateFilter,0,2,0,0,0,0,3,1,0,0,0,0,0,0,3,1,0,0,0,0,0,0,3,1,0,0
Mockito/19,src_org_mockito_internal_configuration_injection_filter_MockCandidateFilter,0,0,0,0,0,0,1,1,0,0,0,0,0,0,1,1,0,0,0,0,0,0,1,1,0,0
Mockito/19,src_org_mockito_internal_configuration_injection_filter_NameBasedCandidateFilter,0,1,0,0,0,0,2,1,0,0,0,0,0,0,2,1,0,0,0,0,0,0,2,1,0,0
Mockito/19,src_org_mockito_internal_configuration_injection_filter_TypeBasedCandidateFilter,0,1,0,0,0,0,2,1,0,0,0,0,0,0,2,1,0,0,0,0,0,0,2,1,0,0
Mockito/2,src_org_mockito_internal_util_Timer,0,2,0,0,0,0,3,1,0,0,0,0,0,0,3,1,0,0,0,0,0,0,3,1,0,0
Mockito/20,src_org_mockito_internal_creation_bytebuddy_ByteBuddyMockMaker,0,8,0,0,0,0,9,1,0,0,0,0,0,0,9,1,0,0,0,0,0,0,9,1,0,0
Mockito/21,src_org_mockito_internal_creation_instance_ConstructorInstantiator,0,3,0,0,0,0,5,2,0,0,0,0,0,0,5,2,0,0,0,0,0,0,5,2,0,0
Mockito/22,src_org_mockito_internal_matchers_Equality,0,4,0,0,0,0,5,1,0,0,0,0,0,0,5,1,0,0,0,0,0,0,5,1,0,0
Mockito/23,src_org_mockito_internal_stubbing_defaultanswers_ReturnsDeepStubs,0,6,0,0,0,0,9,3,0,0,0,0,0,0,9,3,0,0,0,0,0,0,9,3,0,0
Mockito/24,src_org_mockito_internal_stubbing_defaultanswers_ReturnsEmptyValues,0,1,0,0,0,0,2,1,0,0,0,0,0,0,2,1,0,0,0,0,0,0,2,1,0,0
Mockito/25,src_org_mockito_internal_stubbing_defaultanswers_ReturnsDeepStubs,0,2,0,0,0,0,5,3,0,0,0,0,0,0,5,3,0,0,0,0,0,0,5,3,0,0
Mockito/26,src_org_mockito_internal_util_Primitives,0,4,0,0,0,0,4,0,0,0,0,0,0,0,4,0,0,0,0,0,0,0,4,0,0,0
Mockito/27,src_org_mockito_internal_util_MockUtil,0,9,0,0,0,0,10,1,0,0,0,0,0,0,10,1,0,0,0,0,0,0,10,1,0,0
Mockito/28,src_org_mockito_internal_configuration_DefaultInjectionEngine,0,3,0,0,0,0,4,1,0,0,0,0,0,0,4,1,0,0,0,0,0,0,4,1,0,0
Mockito/29,src_org_mockito_internal_matchers_Same,0,3,0,0,0,0,4,1,0,0,0,0,0,0,4,1,0,0,0,0,0,0,4,1,0,0
Mockito/3,src_org_mockito_internal_invocation_InvocationMatcher,0,12,0,0,0,0,13,1,0,0,0,0,0,0,13,1,0,0,0,0,0,0,13,1,0,0
Mockito/30,src_org_mockito_exceptions_Reporter,0,49,0,0,0,0,50,1,0,0,0,0,0,0,49,0,0,1,0,0,0,0,50,1,0,0
Mockito/30,src_org_mockito_internal_stubbing_defaultanswers_ReturnsSmartNulls,0,3,0,0,0,0,4,1,0,0,0,0,0,0,4,1,0,0,0,0,0,0,4,1,0,0
Mockito/31,src_org_mockito_internal_stubbing_defaultanswers_ReturnsSmartNulls,0,3,0,0,0,0,4,1,0,0,0,0,0,0,4,1,0,0,0,0,0,0,4,1,0,0
Mockito/32,src_org_mockito_internal_configuration_SpyAnnotationEngine,0,2,0,0,0,0,3,1,0,0,0,0,0,0,3,1,0,0,0,0,0,0,3,1,0,0
Mockito/33,src_org_mockito_internal_invocation_InvocationMatcher,0,13,0,0,0,0,14,1,0,0,0,0,0,0,14,1,0,0,0,0,0,0,14,1,0,0
Mockito/34,src_org_mockito_internal_invocation_InvocationMatcher,0,12,0,0,0,0,13,1,0,0,0,0,0,0,13,1,0,0,0,0,0,0,13,1,0,0
Mockito/35,src_org_mockito_Matchers,0,46,0,0,0,0,49,3,0,0,0,0,0,0,49,3,0,0,0,0,0,0,49,3,0,0
Mockito/36,src_org_mockito_internal_invocation_Invocation,0,28,0,0,0,0,29,1,0,0,0,0,0,0,29,1,0,0,0,0,0,0,29,1,0,0
Mockito/37,src_org_mockito_internal_stubbing_answers_AnswersValidator,0,3,0,0,0,0,4,1,0,0,0,0,0,0,4,1,0,0,0,0,0,0,4,1,0,0
Mockito/38,src_org_mockito_internal_verification_argumentmatching_ArgumentMatchingTool,0,2,0,0,0,0,3,1,0,0,0,0,0,0,3,1,0,0,0,0,0,0,3,1,0,0
Mockito/4,src_org_mockito_exceptions_Reporter,0,71,0,0,0,0,74,3,0,0,0,0,0,0,74,3,0,0,0,0,0,0,74,3,0,0
Mockito/5,src_org_mockito_internal_verification_VerificationOverTimeImpl,0,8,0,0,0,0,9,1,0,0,0,0,0,0,9,1,0,0,0,0,0,0,9,1,0,0
Mockito/6,src_org_mockito_Matchers,0,33,0,0,0,0,53,20,0,0,0,0,0,0,45,12,0,8,0,0,0,0,53,20,0,0
Mockito/7,src_org_mockito_internal_util_reflection_GenericMetadataSupport,0,49,0,0,0,0,50,1,0,0,0,0,0,0,50,1,0,0,0,0,0,0,50,1,0,0
Mockito/8,src_org_mockito_internal_util_reflection_GenericMetadataSupport,0,49,0,0,0,0,50,1,0,0,0,0,0,0,50,1,0,0,0,0,0,0,50,1,0,0
Mockito/9,src_org_mockito_internal_stubbing_answers_CallsRealMethods,0,0,0,0,0,0,1,1,0,0,0,0,0,0,1,1,0,0,0,0,0,0,1,1,0,0
Time/1,src_main_java_org_joda_time_Partial,0,44,0,0,0,0,45,1,0,0,0,0,0,0,45,1,0,0,0,0,0,0,45,1,0,0
Time/1,src_main_java_org_joda_time_field_UnsupportedDurationField,0,24,0,0,0,0,25,1,0,0,0,0,0,0,25,1,0,0,0,0,0,0,25,1,0,0
Time/10,src_main_java_org_joda_time_base_BaseSingleFieldPeriod,0,17,0,0,0,0,18,1,0,0,0,0,0,0,18,1,0,0,0,0,0,0,18,1,0,0
Time/11,src_main_java_org_joda_time_tz_ZoneInfoCompiler,0,34,0,0,0,0,34,0,0,0,0,0,0,0,34,0,0,0,0,0,0,0,34,0,0,0
Time/12,src_main_java_org_joda_time_LocalDate,0,113,0,0,0,0,115,2,0,0,0,0,0,0,115,2,0,0,0,0,0,0,115,2,0,0
Time/12,src_main_java_org_joda_time_LocalDateTime,0,134,0,0,0,0,136,2,0,0,0,0,0,0,136,2,0,0,0,0,0,0,136,2,0,0
Time/13,src_main_java_org_joda_time_format_PeriodFormatterBuilder,0,100,0,0,0,0,102,2,0,0,0,0,0,0,102,2,0,0,0,0,0,0,102,2,0,0
Time/14,src_main_java_org_joda_time_chrono_BasicMonthOfYearDateTimeField,0,17,0,0,0,0,18,1,0,0,0,0,0,0,18,1,0,0,0,0,0,0,18,1,0,0
Time/15,src_main_java_org_joda_time_field_FieldUtils,0,15,0,0,0,0,16,1,0,0,0,0,0,0,16,1,0,0,0,0,0,0,16,1,0,0
Time/16,src_main_java_org_joda_time_format_DateTimeFormatter,0,44,0,0,0,0,45,1,0,0,0,0,0,0,45,1,0,0,0,0,0,0,45,1,0,0
Time/17,src_main_java_org_joda_time_DateTimeZone,0,54,0,0,0,0,55,1,0,0,0,0,0,0,54,0,0,1,0,0,0,0,55,1,0,0
Time/18,src_main_java_org_joda_time_chrono_GJChronology,0,73,0,0,0,0,74,1,0,0,0,0,0,0,74,1,0,0,0,0,0,0,74,1,0,0
Time/19,src_main_java_org_joda_time_DateTimeZone,0,54,0,0,0,0,55,1,0,0,0,0,0,0,55,1,0,0,0,0,0,0,55,1,0,0
Time/2,src_main_java_org_joda_time_Partial,0,43,0,0,0,0,45,2,0,0,0,0,0,0,45,2,0,0,0,0,0,0,45,2,0,0
Time/2,src_main_java_org_joda_time_field_UnsupportedDurationField,0,24,0,0,0,0,25,1,0,0,0,0,0,0,25,1,0,0,0,0,0,0,25,1,0,0
Time/20,src_main_java_org_joda_time_format_DateTimeFormatterBuilder,0,177,0,0,0,0,178,1,0,0,0,0,0,0,178,1,0,0,0,0,0,0,178,1,0,0
Time/22,src_main_java_org_joda_time_base_BasePeriod,0,31,0,0,0,0,32,1,0,0,0,0,0,0,31,0,0,1,0,0,0,0,31,0,0,1
Time/23,src_main_java_org_joda_time_DateTimeZone,0,54,0,0,0,0,55,1,0,0,0,0,0,0,55,1,0,0,0,0,0,0,55,1,0,0
Time/24,src_main_java_org_joda_time_format_DateTimeParserBucket,0,27,0,0,0,0,28,1,0,0,0,0,0,0,28,1,0,0,0,0,0,0,28,1,0,0
Time/25,src_main_java_org_joda_time_DateTimeZone,0,53,0,0,0,0,54,1,0,0,0,0,0,0,54,1,0,0,0,0,0,0,54,1,0,0
Time/27,src_main_java_org_joda_time_format_PeriodFormatterBuilder,0,101,0,0,0,0,102,1,0,0,0,0,0,0,102,1,0,0,0,0,0,0,102,1,0,0
Time/3,src_main_java_org_joda_time_MutableDateTime,0,93,0,0,0,0,103,10,0,0,0,0,0,0,103,10,0,0,0,0,0,0,103,10,0,0
Time/4,src_main_java_org_joda_time_Partial,0,44,0,0,0,0,45,1,0,0,0,0,0,0,45,1,0,0,0,0,0,0,45,1,0,0
Time/5,src_main_java_org_joda_time_Period,0,85,0,0,0,0,86,1,0,0,0,0,0,0,86,1,0,0,0,0,0,0,86,1,0,0
Time/6,src_main_java_org_joda_time_chrono_GJChronology,0,71,0,0,0,0,74,3,0,0,0,0,0,0,74,3,0,0,0,0,0,0,74,3,0,0
Time/7,src_main_java_org_joda_time_format_DateTimeFormatter,0,44,0,0,0,0,45,1,0,0,0,0,0,0,45,1,0,0,0,0,0,0,45,1,0,0
Time/8,src_main_java_org_joda_time_DateTimeZone,0,54,0,0,0,0,55,1,0,0,0,0,0,0,55,1,0,0,0,0,0,0,55,1,0,0
Time/9,src_main_java_org_joda_time_DateTimeZone,0,53,0,0,0,0,55,2,0,0,0,0,0,0,55,2,0,0,0,0,0,0,55,2,0,0
