https://github.com/Activiti/Activiti/commit/a70ca1d9ad2ea07b19c5e1f9540c809d7a12d3fb,modules.activiti-engine.src.main.java.org.activiti.engine.impl.db.DbSqlSession,1380,144,1413,33,25,29,145,1,1,1,1413,33,24,29,145,1,1,1,1420,40,22,22,145,1,1,1,1420,40,22,22,145,1,1,1
https://github.com/Activiti/Activiti/commit/ca7d0c3b33a0863bed04c77932b9ef6b1317f34e,modules.activiti-engine.src.main.java.org.activiti.engine.impl.persistence.entity.UserEntityTest,60,12,61,1,0,0,12,0,0,0,61,1,0,0,12,0,0,0,61,1,0,0,12,0,0,0,61,1,0,0,12,0,0,0
https://github.com/Alluxio/alluxio/commit/0ba343846f21649e29ffc600f30a7f3e463fb24c,servers.src.main.java.tachyon.worker.block.meta.BlockMeta,0,0,21,21,16,3,10,10,1,0,21,21,18,3,8,8,3,2,21,21,2,3,10,10,0,0,21,21,4,3,9,9,2,1
https://github.com/Alluxio/alluxio/commit/0ba343846f21649e29ffc600f30a7f3e463fb24c,servers.src.main.java.tachyon.worker.block.meta.TempBlockMeta,0,0,5,5,2,0,2,2,0,0,2,2,3,3,1,1,0,1,5,5,0,0,2,2,0,0,2,2,1,3,1,1,0,1
https://github.com/Alluxio/alluxio/commit/5b184ac783784c1ca4baf1437888c79bd9460763,servers.src.main.java.tachyon.worker.block.evictor.LRUEvictor,74,13,161,87,10,7,15,2,1,1,161,87,10,7,15,2,1,1,161,87,10,7,15,2,1,1,161,87,10,7,15,2,1,1
https://github.com/Alluxio/alluxio/commit/9aeefcd8120bb3b89cdb437d8c32d2ed84b8a825,servers.src.main.java.tachyon.worker.block.allocator.MaxFreeAllocator,5,2,42,37,19,8,4,2,0,0,42,37,19,8,4,2,0,0,48,43,5,2,4,2,0,0,48,43,5,2,4,2,0,0
https://github.com/Alluxio/alluxio/commit/b0938501f1014cf663e33b44ed5bb9b24d19a358,clients.unshaded.src.main.java.tachyon.client.RemoteBlockOutStream,43,12,173,130,8,5,23,11,0,0,173,130,8,5,23,11,0,0,169,126,2,9,21,9,0,2,169,126,2,9,21,9,0,2
https://github.com/Alluxio/alluxio/commit/b0938501f1014cf663e33b44ed5bb9b24d19a358,integration-tests.src.test.java.tachyon.client.BlockOutStreamIntegrationTest,19,3,37,18,36,15,4,1,1,2,37,18,35,15,4,1,1,2,32,13,25,20,4,1,2,2,36,17,17,16,4,1,1,2
https://github.com/AsyncHttpClient/async-http-client/commit/f01d8610b9ceebc1de59d42f569b8af3efbe0a0f,api.src.main.java.org.asynchttpclient.oauth.OAuthSignatureCalculator,155,32,224,69,23,13,37,5,1,1,224,69,23,13,37,5,1,1,222,67,28,15,37,5,1,1,222,67,28,15,37,5,1,1
https://github.com/AsyncHttpClient/async-http-client/commit/f01d8610b9ceebc1de59d42f569b8af3efbe0a0f,api.src.test.java.org.asynchttpclient.oauth.OAuthSignatureCalculatorTest,41,13,94,53,74,0,16,3,0,0,94,53,74,0,16,3,0,0,94,53,22,0,16,3,1,0,94,53,22,0,16,3,1,0
https://github.com/Athou/commafeed/commit/18a7bd1fd1a83b3b8d1b245e32f78c0b4443b7a7,src.main.java.com.commafeed.backend.favicon.DefaultFaviconFetcher,62,3,93,31,8,7,4,1,1,1,93,31,8,7,4,1,1,1,91,29,7,9,4,1,1,1,91,29,7,9,4,1,1,1
https://github.com/Atmosphere/atmosphere/commit/69c229b7611ff8c6a20ff2d4da917a68c1cde64a,modules.cpr.src.main.java.org.atmosphere.inject.InjectableObjectFactory,174,16,197,23,6,4,19,3,0,0,197,23,6,4,19,3,0,0,199,25,20,2,19,3,1,0,199,25,20,2,19,3,1,0
https://github.com/Atmosphere/atmosphere/commit/69c229b7611ff8c6a20ff2d4da917a68c1cde64a,modules.cpr.src.main.java.org.atmosphere.util.Utils,245,18,257,12,43,4,20,2,0,0,257,12,43,4,20,2,0,0,261,16,9,0,20,2,0,0,261,16,9,0,20,2,0,0
https://github.com/BroadleafCommerce/BroadleafCommerce/commit/4ef35268bb96bb78b2dc698fa68e7ce763cde32e,admin.broadleaf-open-admin-platform.src.main.java.org.broadleafcommerce.openadmin.dto.BasicFieldMetadata,830,169,919,89,0,3,174,5,0,0,919,89,0,3,174,5,0,0,922,92,0,0,174,5,0,0,922,92,0,0,174,5,0,0
https://github.com/BroadleafCommerce/BroadleafCommerce/commit/4ef35268bb96bb78b2dc698fa68e7ce763cde32e,admin.broadleaf-open-admin-platform.src.main.java.org.broadleafcommerce.openadmin.dto.FieldMetadata,268,56,300,32,0,4,61,5,0,0,300,32,0,4,61,5,0,0,304,36,0,0,61,5,0,0,304,36,0,0,61,5,0,0
https://github.com/BroadleafCommerce/BroadleafCommerce/commit/9687048f76519fc89b4151cbe2841bbba61a401d,admin.broadleaf-open-admin-platform.src.main.java.org.broadleafcommerce.openadmin.web.controller.AdminAbstractController,379,40,401,22,54,22,41,1,2,1,401,22,51,22,41,1,2,1,405,26,49,18,41,1,3,1,411,32,41,12,42,2,2,0
https://github.com/CellularPrivacy/Android-IMSI-Catcher-Detector/commit/e235f884f2e0bc258da77b9c80492ad33386fa86,app.src.main.java.com.SecUpwN.AIMSICD.adapters.AIMSICDDbAdapter,653,59,682,29,21,4,61,2,0,1,682,29,21,4,61,2,0,1,682,29,25,4,61,2,1,1,682,29,25,4,61,2,1,1
https://github.com/CyanogenMod/android_frameworks_base/commit/15fd4f9caea01e53725086e290d3b35ec4bd4cd9,packages.Keyguard.src.com.android.keyguard.KeyguardAbsKeyInputView,188,35,200,12,9,6,36,1,1,1,200,12,9,6,36,1,1,1,200,12,6,6,36,1,1,1,200,12,6,6,36,1,1,1
https://github.com/CyanogenMod/android_frameworks_base/commit/15fd4f9caea01e53725086e290d3b35ec4bd4cd9,packages.Keyguard.src.com.android.keyguard.KeyguardSimPinView,318,44,330,12,0,3,46,2,0,0,330,12,0,3,46,2,0,0,332,14,2,1,46,2,0,0,332,14,2,1,46,2,0,0
https://github.com/CyanogenMod/android_frameworks_base/commit/4587c32ab8a1c8e2169e4f93491a8c927216a6ab,packages.SystemUI.src.com.android.systemui.usb.StorageNotification,256,19,268,12,26,7,20,1,2,1,268,12,26,7,20,1,2,1,271,15,24,4,20,1,4,1,271,15,24,4,20,1,4,1
https://github.com/CyanogenMod/android_frameworks_base/commit/658a918eebcbdeb4f920c2947ca8d0e79ad86d89,packages.SystemUI.src.com.android.systemui.statusbar.phone.PhoneStatusBar,4093,553,4382,289,26,7,559,6,0,0,4382,289,26,7,559,6,0,0,4387,294,9,2,559,6,0,0,4387,294,9,2,559,6,0,0
https://github.com/CyanogenMod/android_frameworks_base/commit/76331570e68446c17e4ff5287f5b7b2b6b472895,packages.Keyguard.src.com.android.keyguard.KeyguardUpdateMonitor,1223,178,1227,4,26,7,179,1,1,1,1227,4,26,7,179,1,1,1,1230,7,8,4,179,1,1,1,1230,7,8,4,179,1,1,1
https://github.com/CyanogenMod/android_frameworks_base/commit/76331570e68446c17e4ff5287f5b7b2b6b472895,packages.SystemUI.src.com.android.systemui.keyguard.KeyguardViewMediator,1196,171,1227,31,8,3,173,2,0,0,1227,31,8,3,173,2,0,0,1228,32,7,2,173,2,0,0,1228,32,7,2,173,2,0,0
https://github.com/CyanogenMod/android_frameworks_base/commit/96a2c3410f3c71d3ab20857036422f1d64c3a6d3,services.core.java.com.android.server.power.PowerManagerService,2872,348,2911,39,14,12,352,4,1,1,2911,39,14,12,352,4,1,1,2919,47,4,4,352,4,1,1,2919,47,4,4,352,4,1,1
https://github.com/CyanogenMod/android_frameworks_base/commit/f166866cd68efa963534c5bc7fc9ca38e4aa2838,core.java.android.text.format.DateFormat,403,41,430,27,11,10,42,1,1,1,430,27,11,10,42,1,1,1,440,37,5,0,43,2,0,0,440,37,5,0,43,2,0,0
https://github.com/CyanogenMod/android_frameworks_base/commit/f166866cd68efa963534c5bc7fc9ca38e4aa2838,packages.SettingsProvider.src.com.android.providers.settings.DatabaseHelper,2002,55,2047,45,1,3,57,2,0,0,2047,45,1,3,57,2,0,0,2048,46,1,2,57,2,0,0,2048,46,1,2,57,2,0,0
https://github.com/CyanogenMod/android_frameworks_base/commit/f1b8ae1c44e6ba46118c2f66eae1725259acdccc,core.java.com.android.internal.widget.LockPatternUtils,1455,184,1465,10,67,8,185,1,1,1,1465,10,67,8,185,1,1,1,1468,13,41,5,185,1,2,1,1468,13,41,5,185,1,2,1
https://github.com/CyanogenMod/android_frameworks_base/commit/f1b8ae1c44e6ba46118c2f66eae1725259acdccc,core.java.com.android.internal.widget.LockPatternView,944,141,979,35,40,12,145,4,1,1,979,35,40,12,145,4,1,1,981,37,15,10,145,4,1,1,981,37,15,10,145,4,1,1
https://github.com/FasterXML/jackson-databind/commit/cfe88fe3fbcc6b02ca55cee7b1f4ab13e249edea,src.main.java.com.fasterxml.jackson.databind.type.TypeFactory,774,67,830,56,57,10,72,5,1,0,830,56,62,10,72,5,1,0,835,61,23,5,72,5,1,0,835,61,23,5,72,5,1,0
https://github.com/HdrHistogram/HdrHistogram/commit/0e65ac4da70c6ca5c67bb8418e67db914218042f,src.main.java.org.HdrHistogram.HistogramLogProcessor,102,19,210,108,6,4,21,2,0,0,210,108,6,4,21,2,0,0,212,110,3,2,21,2,0,0,212,110,3,2,21,2,0,0
https://github.com/JetBrains/MPS/commit/61b5decd4a4e5e6bbdea99eb76f136ca10915b73,editor.editor-runtime.source.jetbrains.mps.nodeEditor.cellProviders.AbstractCellListHandler,130,21,150,20,17,0,23,2,1,1,150,20,17,0,23,2,1,1,150,20,16,0,24,3,2,0,150,20,16,0,24,3,2,0
https://github.com/JetBrains/MPS/commit/ce4b0e22659c16ae83d421f9621fd3e922750764,core.project.source.jetbrains.mps.project.AbstractModule,795,77,816,21,9,8,78,1,1,1,816,21,9,8,78,1,1,1,820,25,8,4,78,1,1,1,820,25,8,4,78,1,1,1
https://github.com/JetBrains/MPS/commit/ce4b0e22659c16ae83d421f9621fd3e922750764,core.project.source.jetbrains.mps.smodel.Generator,204,27,220,16,4,1,29,2,0,0,220,16,4,1,29,2,0,0,220,16,2,1,29,2,0,0,220,16,2,1,29,2,0,0
https://github.com/JetBrains/intellij-community/commit/04397f41107bd6de41b31d45a4e8e2ed65628bbe,java.java-impl.src.com.intellij.testIntegration.createTest.CreateTestAction,118,10,132,14,14,5,11,1,1,1,132,14,14,5,11,1,1,1,132,14,18,5,11,1,1,1,132,14,18,5,11,1,1,1
https://github.com/JetBrains/intellij-community/commit/138911ce88b05039242b8d1b2bb5b7a59008f5ee,platform.lang-impl.src.com.intellij.codeInsight.documentation.DocumentationComponent,867,126,939,72,0,5,128,2,0,0,939,72,0,5,128,2,0,0,944,77,0,0,128,2,0,0,944,77,0,0,128,2,0,0
https://github.com/JetBrains/intellij-community/commit/138911ce88b05039242b8d1b2bb5b7a59008f5ee,platform.util.src.com.intellij.util.ui.UIUtil,3694,393,3710,16,15,6,394,1,1,1,3710,16,15,6,394,1,1,1,3712,18,7,4,394,1,1,1,3712,18,7,4,394,1,1,1
https://github.com/JetBrains/intellij-community/commit/33b0ac3a029845f9c20f7f5967c03b31b24f3b4b,platform.indexing-api.src.com.intellij.util.indexing.FileBasedIndex,198,29,219,21,0,0,32,3,0,0,219,21,0,0,32,3,0,0,219,21,0,0,32,3,0,0,219,21,0,0,32,3,0,0
https://github.com/JetBrains/intellij-community/commit/33b0ac3a029845f9c20f7f5967c03b31b24f3b4b,platform.lang-impl.src.com.intellij.util.indexing.FileBasedIndexImpl,2721,280,2738,17,0,3,283,3,0,0,2738,17,0,3,283,3,0,0,2741,20,0,0,283,3,0,0,2741,20,0,0,283,3,0,0
https://github.com/JetBrains/intellij-community/commit/61215911ef28ca783c5106d7c01e74cf3000a866,plugins.svn4idea.src.org.jetbrains.idea.svn.commandLine.Command,227,47,245,18,0,0,50,3,0,0,245,18,0,0,50,3,0,0,245,18,0,0,50,3,0,0,245,18,0,0,50,3,0,0
https://github.com/JetBrains/intellij-community/commit/61215911ef28ca783c5106d7c01e74cf3000a866,plugins.svn4idea.src.org.jetbrains.idea.svn.commandLine.CommandUtil,237,20,250,13,7,9,21,1,1,1,250,13,7,9,21,1,1,1,253,16,7,6,21,1,1,1,253,16,7,6,21,1,1,1
https://github.com/JetBrains/intellij-community/commit/619a6012da868d0d42d9628460f2264effe9bdba,platform.lang-impl.src.com.intellij.ide.util.gotoByName.ChooseByNameBase,1591,204,1702,111,24,10,215,11,0,0,1702,111,24,10,215,11,0,0,1706,115,12,6,215,11,0,0,1706,115,12,6,215,11,0,0
https://github.com/JetBrains/intellij-community/commit/6905d569a1e39d0d7b1ec5ceee4f0bbe60b85947,python.educational.src.com.jetbrains.edu.courseFormat.Lesson,67,18,70,3,0,0,19,1,0,0,70,3,0,0,19,1,0,0,70,3,0,0,19,1,0,0,70,3,0,0,19,1,0,0
https://github.com/JetBrains/intellij-community/commit/6905d569a1e39d0d7b1ec5ceee4f0bbe60b85947,python.educational.src.com.jetbrains.edu.courseFormat.Task,206,30,209,3,0,0,31,1,0,0,209,3,0,0,31,1,0,0,209,3,0,0,31,1,0,0,209,3,0,0,31,1,0,0
https://github.com/JetBrains/intellij-community/commit/6b90205e9f7bbd1570f600d3812fd3efa1a0597e,platform.lang-impl.src.com.intellij.execution.console.RunIdeConsoleAction,232,29,274,42,0,3,43,14,0,1,274,42,0,3,43,14,0,1,277,45,0,0,43,14,0,1,277,45,0,0,43,14,0,1
https://github.com/JetBrains/intellij-community/commit/7dd55014f9840ce03867bb175cf37a4c151dc806,platform.platform-impl.src.com.intellij.openapi.options.ex.ConfigurableCardPanel,0,1,79,79,72,0,7,6,0,0,79,79,72,0,7,6,0,0,79,79,7,0,7,6,0,0,79,79,7,0,7,6,0,0
https://github.com/JetBrains/intellij-community/commit/7dd55014f9840ce03867bb175cf37a4c151dc806,platform.platform-impl.src.com.intellij.openapi.options.ex.ConfigurableWrapper,269,33,306,37,12,4,36,3,0,0,306,37,12,4,36,3,0,0,309,40,5,1,36,3,0,0,309,40,5,1,36,3,0,0
https://github.com/JetBrains/intellij-community/commit/7ed3f273ab0caf0337c22f0b721d51829bb0c877,python.educational.src.com.jetbrains.edu.stepic.EduStepicConnector,354,68,375,21,52,11,70,2,1,1,375,21,52,11,70,2,1,1,380,26,14,6,70,2,1,1,380,26,14,6,70,2,1,1
https://github.com/JetBrains/intellij-community/commit/8d7a26edd1fedb9505b4f2b4fe57b2d2958b4dd9,platform.vcs-impl.src.com.intellij.openapi.vcs.history.FileHistoryPanelImpl,1727,241,1863,136,14,10,249,8,0,0,1862,135,16,11,249,8,0,0,1862,135,22,11,249,8,0,0,1862,135,22,11,249,8,0,0
https://github.com/JetBrains/intellij-community/commit/97811cf971f7ccf6a5fc5e90a491db2f58d49da1,jps.jps-builders.src.org.jetbrains.jps.cmdline.BuildMain,225,21,281,56,0,3,39,18,0,0,281,56,0,3,39,18,0,0,283,58,0,1,39,18,0,0,283,58,0,1,39,18,0,0
https://github.com/JetBrains/intellij-community/commit/97811cf971f7ccf6a5fc5e90a491db2f58d49da1,jps.standalone-builder.src.org.jetbrains.jps.build.Standalone,183,17,184,1,5,7,18,1,0,0,184,1,5,7,18,1,0,0,188,5,0,3,18,1,0,0,188,5,0,3,18,1,0,0
https://github.com/JetBrains/intellij-community/commit/98ecc4cfd927f388645f6a6bc492c80868b1a11d,plugins.properties.src.com.intellij.lang.properties.create.CreateResourceBundleDialogComponent,425,57,440,15,32,3,60,3,0,0,440,15,32,3,60,3,0,0,442,17,13,1,60,3,0,0,442,17,13,1,60,3,0,0
https://github.com/JetBrains/intellij-community/commit/9fbf6b852bd9766060307aff960fb597d55e24d3,platform.util.src.com.intellij.util.io.CachingEnumerator,22,10,111,89,7,2,13,3,1,1,111,89,7,2,13,3,1,1,107,85,5,6,13,3,1,1,107,85,5,6,13,3,1,1
https://github.com/JetBrains/intellij-community/commit/a9379ee529ed87e28c0736c3c6657dcd6a0680e4,platform.util.src.com.intellij.openapi.util.io.FileUtil,1891,146,1983,92,71,8,149,3,1,1,1983,92,71,8,149,3,1,1,1982,91,43,9,149,3,3,1,1982,91,43,9,149,3,3,1
https://github.com/JetBrains/intellij-community/commit/a9379ee529ed87e28c0736c3c6657dcd6a0680e4,platform.util.testSrc.com.intellij.openapi.util.io.FileUtilHeavyTest,237,33,237,0,183,3,34,1,0,0,237,0,183,3,34,1,0,0,240,3,46,0,34,1,0,0,240,3,46,0,34,1,0,0
https://github.com/JetBrains/intellij-community/commit/a97341973c3b683d62d1422e5404ed5c7ccf45f8,plugins.javaFX.javaFX-CE.testSrc.org.jetbrains.plugins.javaFX.fxml.JavaFXRenameTest,93,12,97,4,6,0,13,1,1,0,97,4,6,0,13,1,1,0,97,4,6,0,13,1,1,0,97,4,6,0,13,1,1,0
https://github.com/JetBrains/intellij-community/commit/a97341973c3b683d62d1422e5404ed5c7ccf45f8,plugins.javaFX.src.org.jetbrains.plugins.javaFX.fxml.refs.FxmlReferencesContributor,125,15,156,31,36,5,20,5,0,0,156,31,37,5,20,5,0,0,158,33,14,3,20,5,0,0,158,33,13,3,20,5,0,0
https://github.com/JetBrains/intellij-community/commit/af618666043f21b3db7e6a1be2aa225ae0f432b4,platform.platform-impl.src.com.intellij.openapi.editor.impl.EditorGutterComponentImpl,1611,155,1656,45,15,2,158,3,0,0,1656,45,15,2,158,3,0,0,1658,47,7,0,158,3,0,0,1658,47,7,0,158,3,0,0
https://github.com/JetBrains/intellij-community/commit/d71154ed21e2d5c65bb0ddb000bcb04ca5735048,platform.platform-impl.src.org.jetbrains.io.JsonReaderEx,1183,108,1190,7,5,4,110,2,0,0,1190,7,5,4,110,2,0,0,1194,11,5,0,110,2,1,0,1194,11,5,0,110,2,1,0
https://github.com/JetBrains/intellij-community/commit/d71154ed21e2d5c65bb0ddb000bcb04ca5735048,platform.script-debugger.backend.src.org.jetbrains.debugger.sourcemap.SourceResolver,176,22,228,52,10,3,24,2,0,0,228,52,10,3,24,2,0,0,231,55,5,0,24,2,0,0,231,55,5,0,24,2,0,0
https://github.com/JetBrains/intellij-community/commit/e1625136ba12907696ef4c6e922ce073293f3a2c,plugins.maven.src.main.java.org.jetbrains.idea.maven.project.MavenProject,1132,145,1162,30,51,15,147,2,0,0,1162,30,51,15,147,2,0,0,1169,37,21,8,147,2,0,0,1169,37,21,8,147,2,0,0
https://github.com/JetBrains/intellij-community/commit/e1f0dbc2f09541fc64ce88ee22d8f8f4648004fe,plugins.maven.src.main.java.org.jetbrains.idea.maven.utils.library.RepositoryAttachHandler,341,20,371,30,17,9,22,2,1,1,371,30,17,9,22,2,1,1,374,33,17,6,22,2,1,1,374,33,17,6,22,2,1,1
https://github.com/JetBrains/intellij-plugins/commit/0df7cb00757fe0d4fac8d8b0d5fc46af95feb238,Dart.src.com.jetbrains.lang.dart.analyzer.DartAnalysisServerService,1181,153,1181,0,167,3,155,2,8,0,1181,0,167,3,155,2,8,0,1184,3,128,0,155,2,11,0,1184,3,128,0,155,2,11,0
https://github.com/JetBrains/intellij-plugins/commit/0df7cb00757fe0d4fac8d8b0d5fc46af95feb238,Dart.src.com.jetbrains.lang.dart.resolve.DartResolver,211,10,237,26,11,6,12,2,0,0,237,26,12,6,12,2,0,0,239,28,10,4,12,2,0,0,239,28,11,4,12,2,0,0
https://github.com/JetBrains/intellij-plugins/commit/83b3092c1ee11b70489732f9e69b8e01c2a966f0,Dart.src.com.jetbrains.lang.dart.analyzer.DartAnalysisServerService,1147,157,1275,128,28,3,165,8,0,0,1275,128,28,3,165,8,0,0,1273,126,25,5,165,8,0,0,1273,126,25,5,165,8,0,0
https://github.com/JetBrains/intellij-plugins/commit/83b3092c1ee11b70489732f9e69b8e01c2a966f0,Dart.src.com.jetbrains.lang.dart.ide.actions.AbstractDartFileProcessingAction,204,15,204,0,0,0,15,0,0,0,204,0,0,0,15,0,0,0,204,0,0,0,15,0,0,0,204,0,0,0,15,0,0,0
https://github.com/JoanZapata/android-iconify/commit/eb500cca282e39d01a9882e1d0a83186da6d1a26,android-iconify.src.main.java.com.joanzapata.android.iconify.Iconify,103,16,106,3,2,10,18,2,0,2,106,3,2,10,18,2,0,2,114,11,1,2,19,3,0,1,114,11,2,2,19,3,0,1
https://github.com/JoanZapata/android-iconify/commit/eb500cca282e39d01a9882e1d0a83186da6d1a26,android-iconify.src.main.java.com.joanzapata.android.iconify.Utils,38,6,99,61,37,6,9,3,0,0,99,61,37,6,9,3,0,0,98,60,16,7,9,3,0,0,98,60,17,7,9,3,0,0
https://github.com/MovingBlocks/Terasology/commit/8f63cc5c8edb8e740026447bc4827f8e8e6c34b1,engine.src.main.java.org.terasology.rendering.nui.layers.mainMenu.PreviewWorldScreen,92,26,162,70,9,4,30,4,0,0,162,70,9,4,30,4,0,0,166,74,2,0,30,4,0,0,166,74,2,0,30,4,0,0
https://github.com/MovingBlocks/Terasology/commit/dbd2d5048ae5e30fec98ddd969b6c1e91183fb65,engine.src.main.java.org.terasology.engine.modes.loadProcesses.InitialiseRemoteWorld,19,5,54,35,0,0,7,2,0,0,54,35,0,0,7,2,0,0,54,35,0,0,7,2,0,0,54,35,0,0,7,2,0,0
https://github.com/MovingBlocks/Terasology/commit/dbd2d5048ae5e30fec98ddd969b6c1e91183fb65,engine.src.main.java.org.terasology.world.chunks.remoteChunkProvider.RemoteChunkProvider,324,45,339,15,4,3,49,4,0,2,339,15,4,3,49,4,0,2,342,18,4,0,49,4,0,2,342,18,4,0,49,4,0,2
https://github.com/Netflix/eureka/commit/1cacbe2ad700275bc575234ff2b32ee0d6493817,eureka-client.src.main.java.com.netflix.discovery.DiscoveryClient,1358,122,1369,11,7,10,124,2,0,1,1369,11,7,10,124,2,0,1,1376,18,1,3,125,3,0,0,1376,18,1,3,125,3,0,0
https://github.com/Netflix/eureka/commit/1cacbe2ad700275bc575234ff2b32ee0d6493817,eureka-client.src.main.java.com.netflix.discovery.StatusChangeEvent,28,7,31,3,0,0,8,1,0,0,31,3,0,0,8,1,0,0,31,3,0,0,8,1,0,0,31,3,0,0,8,1,0,0
https://github.com/Netflix/eureka/commit/f6212a7e474f812f31ddbce6d4f7a7a0d498b751,eureka-client.src.main.java.com.netflix.discovery.DiscoveryClient,1301,120,1362,61,16,5,123,3,0,0,1362,61,16,5,123,3,0,0,1365,64,4,2,123,3,0,0,1365,64,4,2,123,3,0,0
https://github.com/SonarSource/sonarqube/commit/0d9fcaa4415ee996e423a97cfe0d965586ca59a5,sonar-batch.src.main.java.org.sonar.batch.bootstrapper.Batch,138,28,159,21,11,5,30,2,1,1,157,19,13,7,30,2,1,1,158,20,4,6,30,2,1,1,158,20,4,6,30,2,1,1
https://github.com/SonarSource/sonarqube/commit/7668c875dfa7240b1ec08eb60b42107bae1b4cd3,server.sonar-server.src.main.java.org.sonar.server.computation.step.PersistComponentsStep,238,22,267,29,16,3,28,6,0,0,267,29,16,3,28,6,0,0,270,32,1,0,28,6,0,0,270,32,1,0,28,6,0,0
https://github.com/SonarSource/sonarqube/commit/7668c875dfa7240b1ec08eb60b42107bae1b4cd3,server.sonar-server.src.test.java.org.sonar.server.computation.step.PersistComponentsStepTest,308,21,390,82,57,7,25,4,1,0,390,82,57,7,25,4,1,0,396,88,32,1,25,4,1,0,396,88,32,1,25,4,1,0
https://github.com/SonarSource/sonarqube/commit/c55a8c3761e9aae9f375d312c14b1bbb9ee9c0fa,server.sonar-server.src.main.java.org.sonar.server.computation.step.PersistComponentsStep,238,22,267,29,16,3,28,6,0,0,267,29,16,3,28,6,0,0,270,32,1,0,28,6,0,0,270,32,1,0,28,6,0,0
https://github.com/SonarSource/sonarqube/commit/c55a8c3761e9aae9f375d312c14b1bbb9ee9c0fa,server.sonar-server.src.test.java.org.sonar.server.computation.step.PersistComponentsStepTest,308,21,393,85,55,4,25,4,1,0,393,85,55,4,25,4,1,0,396,88,33,1,25,4,1,0,396,88,33,1,25,4,1,0
https://github.com/VoltDB/voltdb/commit/c1359c843bd03a694f846c8140e24ed646bbb913,tests.frontend.org.voltdb.TestAdhocCreateDropIndex,0,0,128,128,63,28,3,3,0,0,126,126,87,30,3,3,0,0,128,128,54,28,3,3,0,0,128,128,56,28,3,3,0,0
https://github.com/VoltDB/voltdb/commit/c9b2006381301c99b66c50c4b31f329caac06137,src.frontend.org.voltdb.utils.PBDMMapSegment,242,32,287,45,13,11,35,3,1,1,288,46,12,10,35,3,1,1,290,48,9,8,35,3,1,1,290,48,10,8,35,3,1,1
https://github.com/VoltDB/voltdb/commit/c9b2006381301c99b66c50c4b31f329caac06137,src.frontend.org.voltdb.utils.PBDRegularSegment,308,35,342,34,10,9,37,2,1,1,341,33,11,10,37,2,1,1,339,31,8,12,37,2,1,1,339,31,9,12,37,2,1,1
https://github.com/VoltDB/voltdb/commit/cfc54e8afa7ee7d5376525a84559e90b21487ccf,src.frontend.org.voltdb.importclient.kafka.KafkaStreamImporter,309,66,633,324,277,77,75,9,3,1,633,324,277,77,75,9,3,1,635,326,101,75,75,9,0,1,635,326,101,75,75,9,0,1
https://github.com/VoltDB/voltdb/commit/d47e58f9bbce9a816378e8a7930c1de67a864c29,src.frontend.org.voltdb.ImportHandler,124,22,140,16,10,0,23,1,1,1,140,16,10,0,23,1,1,1,140,16,7,0,24,2,1,0,140,16,7,0,24,2,1,0
https://github.com/VoltDB/voltdb/commit/d47e58f9bbce9a816378e8a7930c1de67a864c29,src.frontend.org.voltdb.InternalConnectionHandler,23,9,97,74,2,0,11,2,0,0,97,74,2,0,11,2,0,0,96,73,1,1,11,2,0,0,96,73,1,1,11,2,0,0
https://github.com/WhisperSystems/Signal-Android/commit/f0b2cc559026871c1b4d8e008666afb590553004,src.org.thoughtcrime.securesms.notifications.MessageNotifier,365,24,424,59,33,4,26,2,0,0,424,59,33,4,26,2,0,0,427,62,21,1,26,2,0,0,427,62,21,1,26,2,0,0
https://github.com/WhisperSystems/Signal-Android/commit/f0b2cc559026871c1b4d8e008666afb590553004,src.org.thoughtcrime.securesms.notifications.NotificationState,51,10,67,16,41,8,11,1,1,1,67,16,36,8,11,1,1,1,67,16,14,8,11,1,1,1,67,16,13,8,11,1,1,1
https://github.com/abarisain/dmix/commit/885771d57c97bd2dd48951e8aeaaa87ceb87532b,MPDroid.src.main.java.com.namelessdev.mpdroid.widgets.WidgetHelperService,9,5,31,22,19,2,7,2,0,1,31,22,18,2,7,2,0,1,32,23,11,1,7,2,0,1,32,23,11,1,7,2,0,1
https://github.com/apache/camel/commit/ab1d1dd78fe53edb50c4ede447e4ac5a55ee2ac9,components.camel-sjms.src.main.java.org.apache.camel.component.sjms.consumer.AbstractMessageHandler,95,25,137,42,7,1,27,2,0,0,136,41,11,2,27,2,0,0,137,42,1,1,27,2,0,0,136,41,4,2,27,2,0,0
https://github.com/apache/camel/commit/ab1d1dd78fe53edb50c4ede447e4ac5a55ee2ac9,components.camel-sjms.src.main.java.org.apache.camel.component.sjms.jms.JmsMessageHelper,432,17,524,92,16,5,19,2,0,1,524,92,16,5,19,2,0,1,529,97,12,0,20,3,1,0,529,97,12,0,20,3,1,0
https://github.com/apache/camel/commit/cb0935e3af05b333b5c85a4fb3b1846836218f11,components.camel-quartz2.src.main.java.org.apache.camel.component.quartz2.QuartzComponent,284,36,332,48,5,3,39,3,0,0,332,48,5,3,39,3,0,0,335,51,1,0,39,3,0,0,335,51,1,0,39,3,0,0
https://github.com/apache/cassandra/commit/1a2c1bcdc7267abec9b19d77726aedbb045d79a8,test.unit.org.apache.cassandra.db.compaction.CompactionsCQLTest,0,0,12,12,174,1,1,1,1,0,12,12,167,1,1,1,1,0,12,12,137,1,1,1,7,0,12,12,129,1,1,1,6,0
https://github.com/apache/cassandra/commit/2b0a8f6bdac621badabcb9921c077260f2470c26,src.java.org.apache.cassandra.db.RowUpdateBuilder,322,45,358,36,20,7,48,3,1,1,358,36,20,7,48,3,1,1,355,33,26,10,48,3,2,1,355,33,26,10,48,3,2,1
https://github.com/apache/cassandra/commit/2b0a8f6bdac621badabcb9921c077260f2470c26,test.unit.org.apache.cassandra.db.PartitionTest,79,9,97,18,0,3,11,2,0,0,97,18,0,3,11,2,0,0,97,18,1,3,11,2,0,0,97,18,1,3,11,2,0,0
https://github.com/apache/cassandra/commit/4fcd7d4d366d001cf5f1f7d926c608c902e3f0af,test.unit.org.apache.cassandra.locator.DynamicEndpointSnitchTest,49,2,79,30,2,2,12,10,0,0,79,30,2,2,12,10,0,0,78,29,2,3,12,10,0,0,78,29,2,3,12,10,0,0
https://github.com/apache/commons-lang/commit/d9a2c69a9d1db6072e1d7b7ea4fcbd5c15d20b5d,src.main.java.org.apache.commons.lang3.time.DateUtils,837,78,847,10,0,3,80,2,0,0,847,10,0,3,80,2,0,0,850,13,0,0,80,2,0,0,850,13,0,0,80,2,0,0
https://github.com/apache/commons-lang/commit/d9a2c69a9d1db6072e1d7b7ea4fcbd5c15d20b5d,src.test.java.org.apache.commons.lang3.time.DateUtilsTest,1215,97,1248,33,6,23,101,4,0,3,1248,33,6,23,101,4,0,3,1251,36,3,20,101,4,0,3,1251,36,3,20,101,4,0,3
https://github.com/apache/drill/commit/711992f22ae6d6dfc43bdb4c01bf8f921d175b38,exec.jdbc.src.main.java.org.apache.drill.jdbc.impl.DrillCursor,47,18,107,60,35,10,21,3,1,1,107,60,35,10,21,3,1,1,107,60,12,10,21,3,1,1,107,60,12,10,21,3,1,1
https://github.com/apache/drill/commit/711992f22ae6d6dfc43bdb4c01bf8f921d175b38,exec.jdbc.src.main.java.org.apache.drill.jdbc.impl.DrillResultSetImpl,214,43,235,21,0,2,45,2,0,0,235,21,0,2,45,2,0,0,237,23,0,0,45,2,0,0,237,23,0,0,45,2,0,0
https://github.com/apache/giraph/commit/add1d4f07c925b8a9044cb3aa5bb4abdeaf49fc7,giraph-core.src.main.java.org.apache.giraph.writable.kryo.HadoopKryo,194,27,226,32,15,8,29,2,0,0,226,32,15,8,29,2,0,0,234,40,3,0,29,2,0,0,234,40,3,0,29,2,0,0
https://github.com/apache/giraph/commit/add1d4f07c925b8a9044cb3aa5bb4abdeaf49fc7,giraph-core.src.test.java.org.apache.giraph.writable.kryo.KryoWritableTest,161,29,164,3,50,0,30,1,0,0,164,3,50,0,30,1,0,0,164,3,6,0,30,1,0,0,164,3,6,0,30,1,0,0
https://github.com/apache/hive/commit/240097b78b70172e1cf9bc37876a566ddfb9e115,ql.src.java.org.apache.hadoop.hive.ql.io.orc.OrcRecordUpdater,451,96,454,3,0,3,98,2,0,0,454,3,0,3,98,2,0,0,457,6,0,0,98,2,0,0,457,6,0,0,98,2,0,0
https://github.com/apache/hive/commit/240097b78b70172e1cf9bc37876a566ddfb9e115,ql.src.java.org.apache.hadoop.hive.ql.io.orc.RecordReaderFactory,198,7,214,16,0,3,10,3,0,0,214,16,0,3,10,3,0,0,217,19,0,0,10,3,0,0,217,19,0,0,10,3,0,0
https://github.com/apache/hive/commit/4ccc0c37aabbd90ecaa36fcc491e2270e7e9bea6,hcatalog.core.src.main.java.org.apache.hive.hcatalog.mapreduce.PartInfo,74,24,144,70,14,7,25,1,2,2,144,70,14,7,25,1,2,2,144,70,8,7,25,1,2,2,144,70,8,7,25,1,2,2
https://github.com/apache/hive/commit/5f78f9ef1e6c798849d34cc66721e6c1d9709b6f,ql.src.java.org.apache.hadoop.hive.ql.io.orc.OrcInputFormat,897,154,1037,140,27,6,159,5,2,2,1037,140,27,6,159,5,2,2,1038,141,11,5,159,5,2,2,1038,141,11,5,159,5,2,2
https://github.com/apache/hive/commit/5f78f9ef1e6c798849d34cc66721e6c1d9709b6f,ql.src.test.org.apache.hadoop.hive.ql.io.orc.TestInputOutputFormat,1455,141,1480,25,151,3,143,2,0,0,1480,25,151,3,143,2,0,0,1483,28,23,0,143,2,1,0,1483,28,23,0,143,2,1,0
https://github.com/apache/hive/commit/999e0e3616525d77cf46c5865f9981b5a6b5609a,ql.src.java.org.apache.hadoop.hive.ql.parse.CalcitePlanner,1884,85,1972,88,82,17,88,3,1,1,1972,88,81,17,88,3,1,1,1977,93,82,12,88,3,1,1,1977,93,82,12,88,3,1,1
https://github.com/apache/hive/commit/f664789737d516ac664462732664121acc111a1e,hcatalog.webhcat.svr.src.main.java.org.apache.hive.hcatalog.templeton.AppConfig,268,90,292,24,53,7,91,1,1,1,292,24,53,7,91,1,1,1,295,27,19,4,91,1,1,1,295,27,19,4,91,1,1,1
https://github.com/apache/hive/commit/f664789737d516ac664462732664121acc111a1e,hcatalog.webhcat.svr.src.main.java.org.apache.hive.hcatalog.templeton.SecureProxySupport,97,18,140,43,8,0,21,3,0,0,140,43,8,0,21,3,0,0,140,43,2,0,21,3,0,0,140,43,2,0,21,3,0,0
https://github.com/apache/pig/commit/7a1659c12d76b510809dea1dea1f5100bcf4cd60,src.org.apache.pig.backend.hadoop.executionengine.spark.SparkLauncher,392,25,467,75,11,6,29,4,0,0,467,75,11,6,29,4,0,0,470,78,8,3,29,4,0,0,470,78,8,3,29,4,0,0
https://github.com/apache/pig/commit/92dce401344a28ff966ad4cf3dd969a676852315,src.org.apache.pig.builtin.OrcStorage,575,56,630,55,39,3,59,3,0,0,630,55,39,3,59,3,0,0,632,57,18,1,59,3,1,0,632,57,18,1,59,3,1,0
https://github.com/apache/pig/commit/92dce401344a28ff966ad4cf3dd969a676852315,src.org.apache.pig.impl.util.Utils,520,50,524,4,37,19,51,1,1,1,524,4,37,19,51,1,1,1,527,7,22,16,51,1,2,1,527,7,22,16,51,1,2,1
https://github.com/apereo/cas/commit/7fb0d1ce3b6583013e81ac05eb9afb15d20eab7f,cas-server-support-spnego.src.main.java.org.jasig.cas.support.spnego.authentication.principal.SpnegoCredential,86,19,107,21,0,0,22,3,0,0,107,21,0,0,22,3,0,0,107,21,0,0,22,3,0,0,107,21,0,0,22,3,0,0
https://github.com/apereo/cas/commit/7fb0d1ce3b6583013e81ac05eb9afb15d20eab7f,cas-server-support-spnego.src.main.java.org.jasig.cas.support.spnego.util.SpnegoConstants,0,7,3,3,0,0,9,2,0,0,3,3,0,0,9,2,0,0,3,3,0,0,9,2,0,0,3,3,0,0,9,2,0,0
https://github.com/assertj/assertj/commit/b36ab386559d04db114db8edd87c8d4cbf850c12,src.main.java.org.assertj.core.api.Assertions,74,10,275,201,0,0,110,100,0,0,272,198,4,3,109,99,1,1,275,201,0,0,110,100,0,0,272,198,4,3,109,99,1,1
https://github.com/assertj/assertj/commit/b36ab386559d04db114db8edd87c8d4cbf850c12,src.main.java.org.assertj.core.api.BDDAssertions,380,54,380,0,0,0,54,0,0,0,380,0,0,0,54,0,0,0,380,0,0,0,54,0,0,0,380,0,0,0,54,0,0,0
https://github.com/belaban/JGroups/commit/f1533756133dec84ce8218202585ac85904da7c9,src.org.jgroups.auth.FixedMembershipToken,32,8,83,51,78,8,14,6,0,0,83,51,77,8,14,6,0,0,84,52,21,7,14,6,0,0,84,52,20,7,14,6,0,0
https://github.com/belaban/JGroups/commit/f1533756133dec84ce8218202585ac85904da7c9,tests.junit-functional.org.jgroups.protocols.AUTHTest,90,8,94,4,53,0,9,1,0,0,94,4,53,0,9,1,0,0,94,4,0,0,9,1,0,0,94,4,0,0,9,1,0,0
https://github.com/bitcoinj/bitcoinj/commit/95bfa40630e34f6f369e0055d9f37f49bca60247,core.src.main.java.org.bitcoinj.core.Peer,1138,122,1157,19,8,7,123,1,1,1,1157,19,8,7,123,1,1,1,1160,22,5,4,123,1,1,1,1160,22,5,4,123,1,1,1
https://github.com/brettwooldridge/HikariCP/commit/cd8c4d578a609bdd6395d3a8c49bfd19ed700dea,src.main.java.com.zaxxer.hikari.util.ClockSource,28,8,51,23,0,0,21,13,0,0,51,23,0,0,21,13,0,0,51,23,0,0,21,13,0,0,51,23,0,0,21,13,0,0
https://github.com/brettwooldridge/HikariCP/commit/e19c6874431dc2c3046436c2ac249a0ab2ef3457,hikaricp-common.src.main.java.com.zaxxer.hikari.proxy.ConnectionProxy,298,44,346,48,4,5,46,2,0,0,346,48,4,5,46,2,0,0,350,52,2,1,46,2,0,0,350,52,2,1,46,2,0,0
https://github.com/brianfrankcooper/YCSB/commit/0b024834549c53512ef18bce89f60ef9225d4819,core.src.main.java.com.yahoo.ycsb.Client,160,33,459,299,14,15,37,4,0,0,459,299,14,15,37,4,0,0,473,313,1,1,37,4,0,0,473,313,1,1,37,4,0,0
https://github.com/brianfrankcooper/YCSB/commit/0b024834549c53512ef18bce89f60ef9225d4819,core.src.main.java.com.yahoo.ycsb.workloads.CoreWorkload,237,70,323,86,0,3,72,2,0,0,323,86,0,3,72,2,0,0,326,89,0,0,72,2,0,0,326,89,0,0,72,2,0,0
https://github.com/bumptech/glide/commit/0d4b27952751de0caab01774048c3e0ec74824ce,library.src.main.java.com.bumptech.glide.request.target.ImageViewTarget,54,8,82,28,0,0,12,4,0,0,82,28,0,0,12,4,0,0,82,28,0,0,12,4,0,0,82,28,0,0,12,4,0,0
https://github.com/bumptech/glide/commit/0d4b27952751de0caab01774048c3e0ec74824ce,library.src.main.java.com.bumptech.glide.request.target.ViewTarget,168,29,218,50,13,4,34,5,0,0,218,50,13,4,34,5,0,0,222,54,4,0,34,5,0,0,222,54,4,0,34,5,0,0
https://github.com/checkstyle/checkstyle/commit/5a9b7249e3d092a78ac8e7d48aeeb62bf1c44e20,src.main.java.com.puppycrawl.tools.checkstyle.checks.coding.RequireThisCheck,40,10,69,29,12,13,11,1,1,1,69,29,12,13,11,1,1,1,64,24,6,18,11,1,1,1,64,24,6,18,11,1,1,1
https://github.com/checkstyle/checkstyle/commit/c9c475a6c7a8cb728ba1c091b386db46f11a781f,src.main.java.com.puppycrawl.tools.checkstyle.checks.coding.FinalLocalVariableCheck,118,16,171,53,10,6,19,3,0,0,171,53,10,6,19,3,0,0,175,57,3,2,19,3,0,0,175,57,3,2,19,3,0,0
https://github.com/crashub/crash/commit/2801269c7e47bd6e243612654a74cee809d20959,connectors.ssh.src.main.java.org.crsh.auth.FilePublicKeyProvider,4,3,32,28,23,4,5,2,0,0,32,28,23,4,5,2,0,0,35,31,14,1,5,2,0,0,35,31,14,1,5,2,0,0
https://github.com/datastax/java-driver/commit/3a0603f8f778be3219a5a0f3a7845cda65f1e172,driver-core.src.main.java.com.datastax.driver.core.querybuilder.Insert,88,17,108,20,23,7,19,2,0,0,108,20,23,7,19,2,0,0,105,17,34,10,19,2,1,0,105,17,34,10,19,2,1,0
https://github.com/deeplearning4j/deeplearning4j/commit/3325f5ccd23f8016fa28a24f878b54f1918546ed,deeplearning4j-scaleout.deeplearning4j-nlp.src.main.java.org.deeplearning4j.models.embeddings.loader.WordVectorSerializer,229,12,323,94,26,4,17,5,0,0,323,94,26,4,17,5,0,0,326,97,14,1,17,5,0,0,326,97,14,1,17,5,0,0
https://github.com/deeplearning4j/deeplearning4j/commit/3d080545362794ac5ab63a6cf1bdfb523a0d92a5,dl4j-caffe.src.main.java.org.deeplearning4j.translate.CaffeModelToJavaClass,0,0,9,9,12,7,1,1,1,1,9,9,12,7,1,1,1,1,9,9,9,7,1,1,1,1,9,9,9,7,1,1,1,1
https://github.com/deeplearning4j/deeplearning4j/commit/3d080545362794ac5ab63a6cf1bdfb523a0d92a5,dl4j-caffe.src.test.java.org.deeplearning4j.translate.CaffeTest,16,2,16,0,0,0,2,0,0,0,16,0,0,0,2,0,0,0,16,0,0,0,2,0,0,0,16,0,0,0,2,0,0,0
https://github.com/deeplearning4j/deeplearning4j/commit/c50064efb325b0c94cc62788b4c8935b7c39ac40,deeplearning4j-core.src.main.java.org.deeplearning4j.optimize.solvers.BaseOptimizer,99,29,146,47,0,0,31,2,0,0,146,47,0,0,31,2,0,0,146,47,0,0,31,2,0,0,146,47,0,0,31,2,0,0
https://github.com/deeplearning4j/deeplearning4j/commit/c50064efb325b0c94cc62788b4c8935b7c39ac40,deeplearning4j-core.src.test.java.org.deeplearning4j.optimize.solver.TestOptimizers,353,54,430,77,118,4,59,5,0,0,430,77,118,4,59,5,0,0,433,80,21,1,59,5,0,0,433,80,21,1,59,5,0,0
https://github.com/deeplearning4j/deeplearning4j/commit/d4992887291cc0a7eeda87ad547fa9e1e7fda41c,deeplearning4j-core.src.main.java.org.deeplearning4j.nn.layers.OutputLayer,216,26,239,23,16,4,28,2,1,1,239,23,16,4,28,2,1,1,242,26,6,1,29,3,1,0,242,26,6,1,29,3,1,0
https://github.com/deeplearning4j/deeplearning4j/commit/d4992887291cc0a7eeda87ad547fa9e1e7fda41c,deeplearning4j-core.src.main.java.org.deeplearning4j.nn.multilayer.MultiLayerNetwork,1086,105,1102,16,2,4,107,2,0,0,1102,16,2,4,107,2,0,0,1105,19,0,1,107,2,0,0,1105,19,0,1,107,2,0,0
https://github.com/dreamhead/moco/commit/55ffa2f3353c5dc77fe6b790e5e045b76a07a772,moco-core.src.main.java.com.github.dreamhead.moco.internal.ActualHttpServer,113,14,124,11,0,4,17,3,0,0,124,11,0,4,17,3,0,0,124,11,0,4,17,3,0,0,124,11,0,4,17,3,0,0
https://github.com/dreamhead/moco/commit/55ffa2f3353c5dc77fe6b790e5e045b76a07a772,moco-core.src.main.java.com.github.dreamhead.moco.internal.HttpConfiguration,70,9,80,10,0,0,12,3,0,0,80,10,0,0,12,3,0,0,80,10,0,0,12,3,0,0,80,10,0,0,12,3,0,0
https://github.com/dropwizard/metrics/commit/4c6ab3d77cc67c7a91155d884077520dcf1509c6,metrics-graphite.src.main.java.com.codahale.metrics.graphite.GraphiteReporter,206,30,244,38,8,10,32,2,0,0,244,38,8,10,32,2,0,0,251,45,3,3,32,2,0,0,251,45,3,3,32,2,0,0
https://github.com/dropwizard/metrics/commit/4c6ab3d77cc67c7a91155d884077520dcf1509c6,metrics-graphite.src.test.java.com.codahale.metrics.graphite.GraphiteReporterTest,265,22,265,0,19,3,23,1,1,0,265,0,19,3,23,1,1,0,268,3,15,0,23,1,1,0,268,3,15,0,23,1,1,0
https://github.com/eclipse/jetty.project/commit/837d1a74bb7d694220644a2539c4440ce55462cf,jetty-proxy.src.main.java.org.eclipse.jetty.proxy.AbstractProxyServlet,437,45,476,39,19,4,48,3,0,0,476,39,19,4,48,3,0,0,480,43,9,0,48,3,0,0,480,43,9,0,48,3,0,0
https://github.com/eclipse/jetty.project/commit/837d1a74bb7d694220644a2539c4440ce55462cf,jetty-proxy.src.test.java.org.eclipse.jetty.proxy.ProxyServletTest,941,79,964,23,112,25,81,2,2,1,964,23,112,25,81,2,2,1,974,33,79,15,81,2,6,1,974,33,79,15,81,2,6,1
https://github.com/fabric8io/fabric8/commit/8127b21a220ca677c4e59961d019e7753da7ea6e,fabric8-maven-plugin.src.main.java.io.fabric8.maven.JsonMojo,836,105,920,84,22,4,107,2,1,1,920,84,22,4,107,2,1,1,920,84,14,4,107,2,1,1,920,84,14,4,107,2,1,1
https://github.com/fabric8io/fabric8/commit/9e61a71540da58c3208fd2c7737f793c3f81e5ae,fabric8-maven-plugin.src.main.java.io.fabric8.maven.CreateBuildConfigMojo,0,9,45,45,153,0,12,3,0,0,45,45,153,0,12,3,0,0,45,45,58,0,12,3,0,0,45,45,58,0,12,3,0,0
https://github.com/fabric8io/fabric8/commit/9e61a71540da58c3208fd2c7737f793c3f81e5ae,fabric8-maven-plugin.src.main.java.io.fabric8.maven.CreateGogsWebhook,0,5,50,50,56,18,6,1,1,1,50,50,58,18,6,1,1,1,44,44,39,24,6,1,1,1,44,44,39,24,6,1,1,1
https://github.com/fabric8io/fabric8/commit/e068eb7f484f24dee285d29b8a910d9019592020,fabric8-maven-plugin.src.main.java.io.fabric8.maven.JsonMojo,965,108,1000,35,118,11,109,1,1,1,1000,35,118,11,109,1,1,1,1000,35,46,11,109,1,2,1,1000,35,46,11,109,1,2,1
https://github.com/facebook/buck/commit/6c93f15f502f39dff99ecb01b56dcad7dddb0f0d,src.com.facebook.buck.android.aapt.AaptResourceCollector,32,10,61,29,30,2,13,3,0,0,61,29,30,2,13,3,0,0,61,29,26,2,13,3,1,0,61,29,26,2,13,3,1,0
https://github.com/facebook/buck/commit/6c93f15f502f39dff99ecb01b56dcad7dddb0f0d,test.com.facebook.buck.android.aapt.MiniAaptTest,135,12,157,22,0,3,14,2,0,0,157,22,0,3,14,2,0,0,160,25,0,0,14,2,0,0,160,25,0,0,14,2,0,0
https://github.com/facebook/buck/commit/7e104c3ed4b80ec8e9b72356396f879d1067cc40,src.com.facebook.buck.maven.Resolver,227,30,291,64,120,45,32,2,0,1,291,64,120,45,32,2,0,1,304,77,65,32,32,2,1,1,304,77,65,32,32,2,1,1
https://github.com/facebook/buck/commit/7e104c3ed4b80ec8e9b72356396f879d1067cc40,test.com.facebook.buck.maven.ResolverIntegrationTest,50,12,139,89,0,12,18,6,0,0,139,89,0,12,18,6,0,0,142,92,0,9,18,6,0,0,142,92,0,9,18,6,0,0
https://github.com/facebook/buck/commit/84b7b3974ae8171a4de2f804eb94fcd1d6cd6647,src.com.facebook.buck.java.ReportGenerator,88,16,89,1,0,0,16,0,0,0,89,1,0,0,16,0,0,0,89,1,0,0,16,0,0,0,89,1,0,0,16,0,0,0
https://github.com/facebook/buck/commit/84b7b3974ae8171a4de2f804eb94fcd1d6cd6647,test.com.facebook.buck.util.LicenseCheckTest,43,7,47,4,0,0,9,2,0,0,47,4,0,0,9,2,0,0,47,4,0,0,9,2,0,0,47,4,0,0,9,2,0,0
https://github.com/facebook/buck/commit/a1525ac9a0bb8f727167a8be94c81a3415128ef4,src.com.facebook.buck.cxx.DebugPathSanitizer,96,16,124,28,49,6,18,2,1,1,124,28,49,6,18,2,1,1,124,28,20,6,18,2,1,1,124,28,20,6,18,2,1,1
https://github.com/facebook/buck/commit/ecd0ad5ab99b8d14f28881cf4f49ec01f2221776,src.com.facebook.buck.cxx.CxxSourceRuleFactory,297,44,338,41,48,10,47,3,0,0,338,41,48,10,47,3,0,0,338,41,32,10,47,3,0,0,338,41,32,10,47,3,0,0
https://github.com/facebook/buck/commit/f26d234e8d3458f34454583c22e3bd5f4b2a5da8,src.com.facebook.buck.android.AdbHelper,575,56,640,65,3,6,58,2,0,0,640,65,3,6,58,2,0,0,643,68,4,3,58,2,0,0,643,68,4,3,58,2,0,0
https://github.com/geoserver/geoserver/commit/07c26a3a1dd6fcc2494c2d755ee5a2753e0df87c,src.wfs.src.test.java.org.geoserver.wfs.xml.PropertyRule,48,10,52,4,0,0,11,1,0,0,52,4,0,0,11,1,0,0,52,4,0,0,11,1,0,0,52,4,0,0,11,1,0,0
https://github.com/geoserver/geoserver/commit/07c26a3a1dd6fcc2494c2d755ee5a2753e0df87c,src.wfs.src.test.java.org.geoserver.wfs.xml.WFSURIHandlerTest,117,16,117,0,0,0,16,0,0,0,117,0,0,0,16,0,0,0,117,0,0,0,16,0,0,0,117,0,0,0,16,0,0,0
https://github.com/glyptodon/guacamole-client/commit/ce1f3d07976de31aed8f8189ec5e1a6453f4b580,extensions.guacamole-auth-jdbc.modules.guacamole-auth-jdbc-base.src.main.java.org.glyptodon.guacamole.auth.jdbc.user.UserContextService,0,2,17,17,21,0,10,8,0,0,9,9,29,8,8,6,1,2,17,17,26,0,10,8,0,0,12,12,27,5,9,7,1,1
https://github.com/glyptodon/guacamole-client/commit/ce1f3d07976de31aed8f8189ec5e1a6453f4b580,extensions.guacamole-auth-jdbc.modules.guacamole-auth-jdbc-base.src.main.java.org.glyptodon.guacamole.auth.jdbc.user.UserService,109,15,128,19,26,1,23,8,0,0,125,16,27,4,22,7,1,1,129,20,27,0,23,8,0,0,126,17,28,3,22,7,1,1
https://github.com/go-lang-plugin-org/go-lang-idea-plugin/commit/0b93231025f51c7ec62fd8588985c5dc807854e4,src.com.goide.actions.fmt.GoExternalToolsAction,52,5,74,22,14,0,6,1,1,1,74,22,14,0,6,1,1,1,73,21,10,1,7,2,1,0,73,21,10,1,7,2,1,0
https://github.com/go-lang-plugin-org/go-lang-idea-plugin/commit/0b93231025f51c7ec62fd8588985c5dc807854e4,src.com.goide.actions.fmt.GoFmtCheckinFactory,51,8,81,30,0,0,11,3,0,0,81,30,0,0,11,3,0,0,81,30,0,0,11,3,0,0,81,30,0,0,11,3,0,0
https://github.com/google/auto/commit/8fc60d81fe0e46e7e5c96e71d4a93fcadc6bde4f,common.src.main.java.com.google.auto.common.BasicAnnotationProcessor,115,21,193,78,17,11,22,1,1,1,193,78,17,11,22,1,1,1,195,80,11,9,22,1,1,1,195,80,11,9,22,1,1,1
https://github.com/google/closure-compiler/commit/5a853a60f93e09c446d458673bc7a2f6bb26742c,src.com.google.javascript.jscomp.JsdocToEs6TypedConverter,57,4,180,123,1,0,11,7,0,0,176,119,3,4,10,6,0,1,180,123,1,0,11,7,0,0,180,123,0,0,11,7,0,0
https://github.com/google/closure-compiler/commit/5a853a60f93e09c446d458673bc7a2f6bb26742c,test.com.google.javascript.jscomp.JsdocToEs6TypedConverterTest,76,12,150,74,0,0,29,17,0,0,146,70,2,4,28,16,1,1,150,74,0,0,29,17,0,0,150,74,0,0,29,17,0,0
https://github.com/google/guava/commit/5bab9e837cf273250aa26702204f139fdcfd9e7a,guava-tests.test.com.google.common.collect.HashBiMapTest,81,7,96,15,228,0,9,2,0,0,96,15,228,0,9,2,0,0,96,15,139,0,9,2,6,0,96,15,139,0,9,2,6,0
https://github.com/google/guava/commit/5bab9e837cf273250aa26702204f139fdcfd9e7a,guava.src.com.google.common.collect.HashBiMap,326,64,623,297,107,16,93,29,5,1,623,297,107,16,93,29,5,1,622,296,24,17,93,29,6,1,622,296,24,17,93,29,6,1
https://github.com/google/truth/commit/1768840bf1e69892fd2a23776817f620edfed536,core.src.test.java.com.google.common.truth.IterableTest,88,12,695,607,247,216,85,73,14,23,674,586,263,237,82,70,14,26,698,610,255,213,91,79,15,17,692,604,267,219,90,78,17,18
https://github.com/google/truth/commit/200f1577d238a6d3fbcf99cb2a2585b2071214a6,core.src.main.java.com.google.common.truth.IterableSubject,344,36,354,10,24,8,37,1,2,2,354,10,24,8,37,1,2,2,362,18,15,0,39,3,2,0,362,18,15,0,39,3,2,0
https://github.com/google/truth/commit/200f1577d238a6d3fbcf99cb2a2585b2071214a6,core.src.test.java.com.google.common.truth.ListTest,85,14,158,73,0,0,21,7,0,0,158,73,0,0,21,7,0,0,158,73,0,0,21,7,0,0,158,73,0,0,21,7,0,0
https://github.com/gradle/gradle/commit/3a7ccf5a252077332b9505acb22f190745f726f7,subprojects.platform-play.src.main.java.org.gradle.play.plugins.PlayApplicationPlugin,359,38,399,40,8,9,42,4,0,1,400,41,8,8,43,5,0,0,406,47,8,2,43,5,0,0,406,47,8,2,43,5,0,0
https://github.com/gradle/gradle/commit/3a7ccf5a252077332b9505acb22f190745f726f7,subprojects.platform-play.src.main.java.org.gradle.play.tasks.PlayRun,85,22,121,36,17,3,24,2,2,1,121,36,15,3,25,3,1,0,122,37,2,2,25,3,0,0,121,36,3,3,25,3,0,0
https://github.com/gradle/gradle/commit/681dc6346ce3cf5be5c5985faad120a18949cee0,subprojects.platform-native.src.main.groovy.org.gradle.nativeplatform.toolchain.internal.gcc.AbstractGccCompatibleToolChain,224,36,243,19,33,6,37,1,1,1,243,19,33,6,37,1,1,1,246,22,12,3,37,1,1,1,246,22,12,3,37,1,1,1
https://github.com/gradle/gradle/commit/b1fb1192daa1647b0bd525600dd41063765eca70,subprojects.test-kit-functional.src.main.java.org.gradle.testkit.functional.GradleRunner,17,3,74,57,0,0,17,14,0,8,62,45,0,12,17,14,0,8,74,57,0,0,17,14,0,8,68,51,0,6,19,16,0,6
https://github.com/gradle/gradle/commit/b1fb1192daa1647b0bd525600dd41063765eca70,subprojects.test-kit-functional.src.main.java.org.gradle.testkit.functional.internal.DefaultGradleRunner,85,9,105,20,16,0,14,5,0,8,105,20,4,0,18,9,0,4,105,20,8,0,14,5,0,8,105,20,2,0,18,9,0,4
https://github.com/gradle/gradle/commit/f394599bf1423be0be2d5822ed7f1271d2841225,subprojects.platform-jvm.src.main.java.org.gradle.jvm.plugins.JarBinaryRules,26,3,27,1,0,0,3,0,0,0,27,1,0,0,3,0,0,0,27,1,0,0,3,0,0,0,27,1,0,0,3,0,0,0
https://github.com/greenrobot/greenDAO/commit/d6d9dd4365387816fda6987a4ad9b679c27e72a3,DaoCore.src.de.greenrobot.dao.PropertyConverter,9,3,10,1,0,0,3,0,0,0,10,1,0,0,3,0,0,0,10,1,0,0,3,0,0,0,10,1,0,0,3,0,0,0
https://github.com/greenrobot/greenDAO/commit/d6d9dd4365387816fda6987a4ad9b679c27e72a3,DaoTest.src.de.greenrobot.daotest.customtype.MyTimestampConverter,19,3,20,1,0,0,3,0,0,0,20,1,0,0,3,0,0,0,20,1,0,0,3,0,0,0,20,1,0,0,3,0,0,0
https://github.com/gwtproject/gwt/commit/e0dda9f61b7c409944c4734edf75b108e0288f59,user.super.com.google.gwt.emul.java.security.MessageDigest,91,13,270,179,1,0,40,27,0,0,266,175,1,4,39,26,0,1,270,179,1,0,40,27,0,0,266,175,1,4,39,26,0,1
https://github.com/hibernate/hibernate-orm/commit/0b6ea757e34a63b1421b77ed5fbb61398377aab1,hibernate-entitymanager.src.test.java.org.hibernate.jpa.test.callbacks.CallbacksTest,208,9,267,59,0,3,13,4,0,0,267,59,0,3,13,4,0,0,270,62,0,0,13,4,0,0,270,62,0,0,13,4,0,0
https://github.com/hibernate/hibernate-orm/commit/0b6ea757e34a63b1421b77ed5fbb61398377aab1,hibernate-entitymanager.src.test.java.org.hibernate.jpa.test.callbacks.EntityWithLazyProperty,56,15,57,1,0,0,15,0,0,0,57,1,0,0,15,0,0,0,57,1,0,0,15,0,0,0,57,1,0,0,15,0,0,0
https://github.com/hibernate/hibernate-orm/commit/2b89553db5081fe4e55b7b34d636d0ea2acf71c5,hibernate-core.src.main.java.org.hibernate.boot.model.source.internal.annotations.AnnotationMetadataSourceProcessorImpl,183,32,221,38,30,15,34,2,0,0,221,38,30,15,34,2,0,0,234,51,12,2,34,2,0,0,234,51,12,2,34,2,0,0
https://github.com/hibernate/hibernate-orm/commit/2b89553db5081fe4e55b7b34d636d0ea2acf71c5,hibernate-core.src.test.java.org.hibernate.test.annotations.entitynonentity.EntityNonEntityTest,27,1,37,10,1,0,3,2,0,0,37,10,1,0,3,2,0,0,37,10,0,0,3,2,0,0,37,10,0,0,3,2,0,0
https://github.com/hierynomus/sshj/commit/7c26ac669a4e17ca1d2319a5049a56424fd33104,src.itest.java.nl.javadude.sshj.connection.channel.ChannelCloseEofTest,14,3,33,19,4,0,5,2,0,0,33,19,4,0,5,2,0,0,32,18,1,1,5,2,0,0,32,18,1,1,5,2,0,0
https://github.com/iNPUTmice/Conversations/commit/e6cb12dfe414497b4317820497985c110cb81864,src.main.java.eu.siacs.conversations.ui.adapter.MessageAdapter,360,44,559,199,44,12,48,4,0,1,559,199,44,12,48,4,0,1,562,202,29,9,48,4,1,1,562,202,29,9,48,4,1,1
https://github.com/infinispan/infinispan/commit/03573a655bcbb77f7a76d8e22d851cc22796b4f8,core.src.main.java.org.infinispan.notifications.cachelistener.CacheNotifierImpl,1231,140,1291,60,8,7,144,4,0,0,1291,60,8,7,144,4,0,0,1294,63,14,4,144,4,1,0,1294,63,14,4,144,4,1,0
https://github.com/infinispan/infinispan/commit/03573a655bcbb77f7a76d8e22d851cc22796b4f8,core.src.test.java.org.infinispan.statetransfer.DataRehashedEventTest,30,8,100,70,21,1,10,2,0,1,100,70,21,1,10,2,0,1,101,71,17,0,11,3,1,0,101,71,17,0,11,3,1,0
https://github.com/jOOQ/jOOQ/commit/227254cf769f3e821ed1b2ef2d88c4ec6b20adea,jOOQ.src.main.java.org.jooq.Result,1558,205,1565,7,50,5,207,2,4,2,1565,7,50,5,207,2,4,2,1566,8,48,4,207,2,10,2,1566,8,48,4,207,2,10,2
https://github.com/jOOQ/jOOQ/commit/227254cf769f3e821ed1b2ef2d88c4ec6b20adea,jOOQ.src.main.java.org.jooq.impl.ResultImpl,3171,256,3227,56,125,50,257,1,7,9,3224,53,88,53,257,1,6,9,3229,58,80,48,259,3,8,7,3226,55,67,51,258,2,8,8
https://github.com/jOOQ/jOOQ/commit/58a4e74d28073e7c6f15d1f225ac1c2fd9aa4357,jOOQ.src.main.java.org.jooq.tools.Convert,209,21,663,454,74,35,26,5,0,0,663,454,74,35,26,5,0,0,671,462,405,27,26,5,0,0,671,462,405,27,26,5,0,0
https://github.com/jOOQ/jOOQ/commit/58a4e74d28073e7c6f15d1f225ac1c2fd9aa4357,jOOQ.src.test.java.org.jooq.test.ConvertAllTest,398,19,434,36,60,3,21,2,1,0,434,36,60,3,21,2,1,0,437,39,44,0,21,2,1,0,437,39,44,0,21,2,1,0
https://github.com/jayway/rest-assured/commit/7cac88b9a28efc05bdc60e585e3291862ffc9da1,examples.rest-assured-itest-java.src.test.java.com.jayway.restassured.itest.java.SSLITest,214,22,221,7,0,3,25,3,0,0,221,7,0,3,25,3,0,0,224,10,0,0,25,3,0,0,224,10,0,0,25,3,0,0
https://github.com/jayway/rest-assured/commit/7cac88b9a28efc05bdc60e585e3291862ffc9da1,examples.rest-assured-itest-java.src.test.java.com.jayway.restassured.itest.java.SpecificationBuilderITest,270,28,277,7,0,3,31,3,0,0,277,7,0,3,31,3,0,0,280,10,0,0,31,3,0,0,280,10,0,0,31,3,0,0
https://github.com/jboss-developer/jboss-eap-quickstarts/commit/983e0e0e22ab5bd2c6ea44235518057ea45dcca9,helloworld-html5.src.main.java.org.jboss.as.quickstarts.poh5helloworld.HelloService,8,2,9,1,0,0,2,0,0,0,9,1,0,0,2,0,0,0,9,1,0,0,2,0,0,0,9,1,0,0,2,0,0,0
https://github.com/jboss-developer/jboss-eap-quickstarts/commit/983e0e0e22ab5bd2c6ea44235518057ea45dcca9,helloworld-html5.src.main.java.org.jboss.as.quickstarts.poh5helloworld.HelloWorld,24,4,25,1,0,0,4,0,0,0,25,1,0,0,4,0,0,0,25,1,0,0,4,0,0,0,25,1,0,0,4,0,0,0
https://github.com/jline/jline2/commit/80d3ffb5aafa90992385c17e8338c2cc5def3cec,src.main.java.jline.console.ConsoleReader,2802,201,2821,19,30,10,202,1,1,2,2821,19,30,10,202,1,1,2,2820,18,20,11,202,1,2,2,2820,18,20,11,202,1,2,2
https://github.com/junit-team/junit5/commit/6b575f2ee5f02288a774ff0a85ce3a3e3cb6946f,junit5-engine.src.main.java.org.junit.gen5.engine.junit5.descriptor.ClassTestDescriptor,122,20,202,80,29,9,30,10,2,1,202,80,30,9,30,10,2,1,188,66,37,23,28,8,4,3,188,66,37,23,28,8,4,3
https://github.com/k9mail/k-9/commit/9d44f0e06232661259681d64002dd53c7c43099d,k9mail-library.src.main.java.com.fsck.k9.mail.transport.SmtpTransport,515,34,567,52,23,5,38,4,0,0,567,52,22,5,38,4,0,0,570,55,9,2,38,4,0,0,570,55,5,2,38,4,0,0
https://github.com/k9mail/k-9/commit/9d44f0e06232661259681d64002dd53c7c43099d,k9mail.src.main.java.com.fsck.k9.controller.MessagingController,4590,288,4709,119,72,26,290,2,0,0,4709,119,71,26,290,2,0,0,4715,125,34,20,290,2,0,0,4713,123,37,22,290,2,0,0
https://github.com/kiegroup/drools/commit/7ffc62aa554f5884064b81ee80078e35e3833006,drools-persistence-jpa.src.main.java.org.drools.persistence.SingleSessionCommandService,357,40,408,51,45,6,43,3,1,1,408,51,45,6,43,3,1,1,410,53,10,4,43,3,1,1,410,53,10,4,43,3,1,1
https://github.com/kiegroup/drools/commit/7ffc62aa554f5884064b81ee80078e35e3833006,drools-persistence-jpa.src.test.java.org.drools.persistence.session.JpaPersistentStatefulSessionTest,375,18,376,1,97,3,19,1,1,0,376,1,97,3,19,1,1,0,379,4,46,0,19,1,1,0,379,4,46,0,19,1,1,0
https://github.com/kiegroup/jbpm/commit/83cfa21578e63956bca0715eefee2860c3b6d39a,jbpm-human-task.jbpm-human-task-workitems.src.test.java.org.jbpm.services.task.wih.HTWorkItemHandlerBaseTest,757,51,788,31,86,14,53,2,0,0,782,25,93,20,52,1,0,1,793,36,52,9,53,2,0,0,792,35,53,10,53,2,0,0
https://github.com/koush/AndroidAsync/commit/1bc7905b07821f840068089343e6b77a8686d1ab,AndroidAsync.src.com.koushikdutta.async.http.AsyncHttpResponseImpl,234,43,249,15,15,4,44,1,1,1,249,15,15,4,44,1,1,1,249,15,5,4,44,1,1,1,249,15,5,4,44,1,1,1
https://github.com/koush/AndroidAsync/commit/1bc7905b07821f840068089343e6b77a8686d1ab,AndroidAsync.src.com.koushikdutta.async.http.cache.ResponseCacheMiddleware,482,98,696,214,0,3,108,10,0,0,696,214,0,3,108,10,0,0,699,217,0,0,108,10,0,0,699,217,0,0,108,10,0,0
https://github.com/kuujo/copycat/commit/19a49f8f36b2f6d82534dc13504d672e41a3a8d1,raft.src.main.java.net.kuujo.copycat.raft.state.ActiveState,164,10,277,113,10,3,18,8,1,0,277,113,10,3,18,8,1,0,280,116,10,0,18,8,1,0,280,116,10,0,18,8,1,0
https://github.com/kuujo/copycat/commit/19a49f8f36b2f6d82534dc13504d672e41a3a8d1,raft.src.main.java.net.kuujo.copycat.raft.state.PassiveState,120,11,223,103,21,9,18,7,1,1,223,103,18,9,18,7,1,1,226,106,17,6,19,8,0,0,222,102,23,10,18,7,1,1
https://github.com/languagetool-org/languagetool/commit/01cddc5afb590b4d36cb784637a8ea8aa31d3561,languagetool-gui-commons.src.main.java.org.languagetool.gui.ConfigurationDialog,324,41,430,106,48,34,42,1,0,1,430,106,48,34,42,1,0,1,439,115,27,25,43,2,0,0,439,115,27,25,43,2,0,0
https://github.com/lealone/Lealone/commit/7a2e0ae5f6172cbe34f9bc4a5cde666314ff75dd,lealone-sql.src.main.java.org.lealone.command.ddl.AlterUser,47,15,90,43,10,3,18,3,0,0,90,43,11,3,18,3,0,0,87,40,6,6,18,3,0,0,87,40,7,6,18,3,1,0
https://github.com/lealone/Lealone/commit/7a2e0ae5f6172cbe34f9bc4a5cde666314ff75dd,lealone-sql.src.main.java.org.lealone.command.ddl.CreateUser,47,15,98,51,43,6,19,4,0,0,92,45,48,12,18,3,2,1,98,51,27,6,19,4,1,0,93,46,25,11,18,3,1,1
https://github.com/libgdx/libgdx/commit/2bd1557bc293cb8c2348374771aad832befbe26f,gdx.src.com.badlogic.gdx.scenes.scene2d.ui.CheckBox,88,16,104,16,2,1,18,2,0,0,104,16,2,1,18,2,0,0,104,16,2,1,18,2,0,0,103,15,4,2,18,2,0,0
https://github.com/libgdx/libgdx/commit/2bd1557bc293cb8c2348374771aad832befbe26f,tests.gdx-tests.src.com.badlogic.gdx.tests.Scene2dTest,95,14,162,67,12,6,16,2,0,0,162,67,12,6,16,2,0,0,165,70,16,3,16,2,0,0,165,70,16,3,16,2,0,0
https://github.com/liferay/liferay-plugins/commit/720b0d2064ecc4403809e794075e9fe8cfa857f1,portlets.calendar-portlet.docroot.WEB-INF.src.com.liferay.calendar.portlet.CalendarPortlet,701,36,712,11,2,3,38,2,0,0,712,11,2,3,38,2,0,0,715,14,0,0,38,2,0,0,715,14,0,0,38,2,0,0
https://github.com/liferay/liferay-plugins/commit/720b0d2064ecc4403809e794075e9fe8cfa857f1,portlets.calendar-portlet.docroot.WEB-INF.src.com.liferay.calendar.service.impl.CalendarBookingLocalServiceImpl,680,40,843,163,39,3,43,3,1,1,841,161,41,5,43,3,1,1,846,166,33,0,44,4,1,0,844,164,35,2,44,4,1,0
https://github.com/liferay/liferay-plugins/commit/7c7ecf4cffda166938efd0ae34830e2979c25c73,webs.sync-web.docroot.WEB-INF.src.com.liferay.sync.hook.listeners.ResourcePermissionModelListener,0,0,24,24,31,9,2,2,0,0,24,24,31,9,2,2,0,0,24,24,14,9,2,2,0,0,24,24,14,9,2,2,0,0
https://github.com/liferay/liferay-plugins/commit/7c7ecf4cffda166938efd0ae34830e2979c25c73,webs.sync-web.docroot.WEB-INF.src.com.liferay.sync.service.impl.SyncDLObjectLocalServiceImpl,151,6,155,4,11,0,7,1,0,0,155,4,11,0,7,1,0,0,155,4,12,0,7,1,1,0,155,4,12,0,7,1,1,0
https://github.com/liferay/liferay-plugins/commit/d99695841fa675ea9150602b1132f037093e867d,portlets.marketplace-portlet.docroot.WEB-INF.src.com.liferay.marketplace.store.portlet.RemoteMVCPortlet,26,2,70,44,52,8,4,2,1,1,70,44,52,8,4,2,1,1,68,42,52,10,4,2,3,1,68,42,52,10,4,2,3,1
https://github.com/liferay/liferay-portal/commit/59fd9e696cec5f2ed44c27422bbc426b11647321,modules.sdk.gradle-plugins-poshi-runner.src.com.liferay.gradle.plugins.poshi.runner.PoshiRunnerPlugin,173,22,231,58,9,3,27,5,0,0,231,58,9,3,27,5,0,0,233,60,2,1,27,5,0,0,233,60,2,1,27,5,0,0
https://github.com/liferay/liferay-portal/commit/59fd9e696cec5f2ed44c27422bbc426b11647321,modules.sdk.gradle-util.src.com.liferay.gradle.util.GradleUtil,266,24,275,9,12,15,25,1,1,2,281,15,6,9,25,1,1,2,278,12,13,12,25,1,2,2,284,18,5,6,25,1,1,2
https://github.com/linkedin/rest.li/commit/bd0d3bf75d31a8b5db34b8b66dfb28e5e1f492de,generator.src.main.java.com.linkedin.pegasus.generator.JavaCodeGeneratorBase,33,25,55,22,2,0,27,2,0,6,55,22,2,0,27,2,0,6,55,22,2,0,27,2,6,6,55,22,2,0,27,2,6,6
https://github.com/linkedin/rest.li/commit/bd0d3bf75d31a8b5db34b8b66dfb28e5e1f492de,generator.src.main.java.com.linkedin.pegasus.generator.JavaDataTemplateGenerator,540,48,757,217,101,13,59,11,0,7,757,217,101,13,59,11,0,7,765,225,9,5,59,11,6,7,765,225,9,5,59,11,6,7
https://github.com/mockito/mockito/commit/2d036ecf1d7170b4ec7346579a1ef8904109530a,mockmaker.bytebuddy.main.java.org.mockito.internal.creation.bytebuddy.MockBytecodeGenerator,28,6,49,21,32,3,9,3,0,0,49,21,32,3,9,3,0,0,49,21,9,3,9,3,0,0,49,21,9,3,9,3,0,0
https://github.com/mockito/mockito/commit/2d036ecf1d7170b4ec7346579a1ef8904109530a,mockmaker.bytebuddy.main.java.org.mockito.internal.creation.bytebuddy.MockMethodInterceptor,112,20,119,7,53,8,22,2,2,0,119,7,53,8,22,2,2,0,119,7,31,8,22,2,3,0,119,7,31,8,22,2,3,0
https://github.com/netty/netty/commit/303cb535239a6f07cbe24a033ef965e2f55758eb,handler.src.main.java.io.netty.handler.ssl.OpenSslEngine,1289,127,1320,31,8,10,131,4,0,0,1320,31,8,10,131,4,0,0,1328,39,14,2,131,4,1,0,1328,39,14,2,131,4,1,0
https://github.com/netty/netty/commit/9d347ffb91f34933edb7b1124f6b70c3fc52e220,codec-http.src.main.java.io.netty.handler.codec.http.HttpObjectDecoder,538,46,627,89,17,30,51,5,0,1,627,89,17,30,51,5,0,1,639,101,5,18,52,6,0,0,639,101,5,18,52,6,0,0
https://github.com/netty/netty/commit/9d347ffb91f34933edb7b1124f6b70c3fc52e220,common.src.main.java.io.netty.util.internal.AppendableCharSequence,105,12,129,24,26,3,14,2,1,1,129,24,35,3,14,2,2,1,129,24,27,3,14,2,4,1,129,24,35,3,14,2,5,1
https://github.com/nutzam/nutz/commit/6599c748ef35d38085703cf3bd41b9b5b6af5f32,src.org.nutz.dao.Cnd,311,46,365,54,54,8,48,2,1,1,365,54,54,8,48,2,1,1,366,55,19,7,48,2,1,1,366,55,19,7,48,2,1,1
https://github.com/nutzam/nutz/commit/6599c748ef35d38085703cf3bd41b9b5b6af5f32,test.org.nutz.dao.texp.CndTest,146,18,150,4,57,0,19,1,0,0,150,4,57,0,19,1,0,0,150,4,24,0,19,1,1,0,150,4,24,0,19,1,1,0
https://github.com/nutzam/nutz/commit/de7efe40dad0f4bb900c4fffa80ed377745532b3,src.org.nutz.dao.util.Daos,287,18,579,292,116,9,36,18,2,1,579,292,116,9,36,18,2,1,579,292,110,9,36,18,2,1,579,292,110,9,36,18,2,1
https://github.com/openhab/openhab1-addons/commit/cf1efb6d27a4037cdbe5a780afa6053859a60d4a,bundles.core.org.openhab.core.jsr223.src.main.java.org.openhab.core.jsr223.internal.engine.scriptmanager.Script,40,9,92,52,118,0,12,3,1,1,92,52,119,0,12,3,1,1,87,47,35,5,12,3,1,1,87,47,35,5,12,3,1,1
https://github.com/openhab/openhab1-addons/commit/cf1efb6d27a4037cdbe5a780afa6053859a60d4a,bundles.core.org.openhab.core.jsr223.src.main.java.org.openhab.core.jsr223.internal.engine.scriptmanager.ScriptManager,133,20,160,27,51,0,22,2,0,0,160,27,51,0,22,2,0,0,160,27,23,0,22,2,0,0,160,27,23,0,22,2,0,0
https://github.com/openhab/openhab1-addons/commit/f25fa3ae35e4a60a2b7f79a88f14d46ce6cebf55,bundles.core.org.openhab.core.library.test.src.test.java.org.openhab.core.library.types.DateTimeTypeTest,38,11,94,56,14,2,14,3,0,0,94,56,12,2,14,3,0,0,96,58,7,0,14,3,0,0,96,58,7,0,14,3,0,0
https://github.com/opentripplanner/OpenTripPlanner/commit/334dbc7cf3432e7c17b0ed98801e61b0b591b408,src.main.java.org.opentripplanner.analyst.cluster.AnalystWorker,235,25,280,45,4,3,30,5,1,0,280,45,4,3,30,5,1,0,283,48,5,0,30,5,2,0,283,48,5,0,30,5,2,0
https://github.com/orientechnologies/orientdb/commit/1089957b645bde069d3864563bbf1f7c7da8045c,core.src.main.java.com.orientechnologies.orient.core.db.tool.ODatabaseImport,1218,91,1225,7,11,8,92,1,1,1,1225,7,11,8,92,1,1,1,1228,10,8,5,92,1,1,1,1228,10,8,5,92,1,1,1
https://github.com/osmandapp/Osmand/commit/c45b9e6615181b7d8f4d7b5b1cc141169081c02c,OsmAnd.src.net.osmand.plus.views.RouteLayer,308,36,472,164,24,20,39,3,0,0,472,164,25,20,39,3,0,0,465,157,18,27,39,3,0,0,465,157,18,27,39,3,0,0
https://github.com/phishman3579/java-algorithms-implementation/commit/4ffcb5a65e6d24c58ef75a5cd7692e875619548d,src.com.jwetherell.algorithms.data_structures.timing.DataStructuresTiming,1595,65,1609,14,2,3,67,2,0,0,1609,14,2,3,67,2,0,0,1612,17,2,0,67,2,0,0,1612,17,2,0,67,2,0,0
https://github.com/phishman3579/java-algorithms-implementation/commit/4ffcb5a65e6d24c58ef75a5cd7692e875619548d,src.com.jwetherell.algorithms.sorts.timing.SortsTiming,115,44,587,472,99,42,46,2,0,0,587,472,99,42,46,2,0,0,594,479,37,35,46,2,0,0,594,479,37,35,46,2,0,0
https://github.com/phishman3579/java-algorithms-implementation/commit/ab98bcacf6e5bf1c3a06f6bcca68f178f880ffc9,src.com.jwetherell.algorithms.data_structures.timing.DataStructuresTiming,48,19,1039,991,1880,1312,66,47,0,40,1007,959,1928,1344,66,47,3,40,1045,997,1365,1306,68,49,29,38,1014,966,1386,1337,68,49,27,38
https://github.com/phishman3579/java-algorithms-implementation/commit/ab98bcacf6e5bf1c3a06f6bcca68f178f880ffc9,src.com.jwetherell.algorithms.sorts.timing.SortsTiming,91,22,538,447,484,347,23,1,2,15,538,447,470,347,23,1,0,15,508,417,292,377,26,4,1,12,508,417,287,377,26,4,1,12
https://github.com/phishman3579/java-algorithms-implementation/commit/f2385a56e6aa040ea4ff18a23ce5b63a4eeacf29,src.com.jwetherell.algorithms.sorts.timing.SortsTiming,82,45,647,565,108,60,48,3,0,0,639,557,115,68,48,3,0,0,643,561,85,64,48,3,0,0,635,553,94,72,48,3,0,0
https://github.com/pockethub/PocketHub/commit/a7401e5091c06c68fae499ea1972b40143c66fa9,app.src.main.java.com.github.mobile.accounts.LoginActivity,90,22,166,76,56,8,29,7,2,1,166,76,56,8,29,7,2,1,163,73,25,11,29,7,1,1,163,73,25,11,29,7,1,1
https://github.com/processing/processing/commit/8707194f003444a9fb8e00bffa2893ef0c2492c6,core.src.processing.opengl.PSurfaceJOGL,629,84,747,118,45,13,89,5,0,1,747,118,45,13,89,5,0,1,749,120,9,11,89,5,0,1,749,120,9,11,89,5,0,1
https://github.com/processing/processing/commit/acf67c8cb58d13827e14bbeeec11a66f9277015f,core.src.processing.core.PApplet,7903,834,8041,138,9,8,835,1,1,1,8041,138,9,8,835,1,1,1,8044,141,9,5,835,1,1,1,8044,141,9,5,835,1,1,1
https://github.com/processing/processing/commit/d7f781da42e54824c17875a6036d3448672637f5,core.src.processing.core.PConstants,0,165,0,0,0,3,171,6,0,0,0,0,0,3,171,6,0,0,3,3,0,0,171,6,0,0,3,3,0,0,171,6,0,0
https://github.com/processing/processing/commit/d7f781da42e54824c17875a6036d3448672637f5,core.src.processing.core.PGraphics,3992,474,4001,9,0,3,480,6,0,0,4001,9,0,3,480,6,0,0,4004,12,0,0,480,6,0,0,4004,12,0,0,480,6,0,0
https://github.com/processing/processing/commit/f36b736cf1206dd1af794d6fb4cee967a3553b1f,core.src.processing.opengl.PGL,2903,637,3020,117,6,4,639,2,0,0,3020,117,6,4,639,2,0,0,3024,121,0,0,639,2,0,0,3024,121,0,0,639,2,0,0
https://github.com/raphw/byte-buddy/commit/f1dfb66a368760e77094ac1e3860b332cf0e4eb5,byte-buddy-dep.src.main.java.net.bytebuddy.description.method.ParameterList,161,28,229,68,0,3,44,16,0,0,229,68,0,3,44,16,0,0,232,71,0,0,44,16,0,0,232,71,0,0,44,16,0,0
https://github.com/raphw/byte-buddy/commit/fd000ca2e78fce2f8aa11e6a81e4f23c2f1348e6,byte-buddy-dep.src.main.java.net.bytebuddy.dynamic.scaffold.subclass.SubclassImplementationTarget,49,12,72,23,28,4,14,2,1,1,72,23,28,4,14,2,1,1,72,23,21,4,14,2,2,1,72,23,21,4,14,2,2,1
https://github.com/ratpack/ratpack/commit/da6167af3bdbf7663af6c20fb603aba27dd5e174,ratpack-core.src.main.java.ratpack.server.internal.DefaultResponseTransmitter,145,26,199,54,12,9,30,4,1,1,199,54,12,9,30,4,1,1,202,57,11,6,30,4,1,1,202,57,11,6,30,4,1,1
https://github.com/real-logic/Aeron/commit/35893c115ba23bd62a7036a33390420f074ce660,aeron-driver.src.test.java.uk.co.real_logic.aeron.driver.DriverConductorTest,154,44,307,153,65,28,55,11,1,1,307,153,65,28,55,11,1,1,315,161,37,20,56,12,1,0,315,161,37,20,56,12,1,0
https://github.com/redsolution/xabber-android/commit/faaf826e901f43d1b46105b18e655eb120f3ffef,app.src.main.java.com.xabber.android.ui.ContactAdd,84,10,95,11,0,0,12,2,0,0,95,11,0,0,12,2,0,0,95,11,0,0,12,2,0,0,95,11,0,0,12,2,0,0
https://github.com/redsolution/xabber-android/commit/faaf826e901f43d1b46105b18e655eb120f3ffef,app.src.main.java.com.xabber.android.ui.ContactAddFragment,147,21,180,33,0,0,23,2,0,0,180,33,0,0,23,2,0,0,180,33,0,0,23,2,0,0,180,33,0,0,23,2,0,0
https://github.com/restlet/restlet-framework-java/commit/7ffe37983e2f09637b0c84d526a2f824de652de4,modules.org.restlet.ext.apispark.src.org.restlet.ext.apispark.internal.conversion.swagger.v2_0.Swagger2Reader,454,18,468,14,96,14,19,1,1,1,468,14,96,14,19,1,1,1,471,17,56,11,19,1,1,1,471,17,56,11,19,1,1,1
https://github.com/robovm/robovm/commit/7837d0baf1aef45340eec699516a8c3a22aeb553,compiler.src.main.java.org.robovm.compiler.target.ios.IOSTarget,803,59,850,47,14,14,61,2,1,1,851,48,13,13,61,2,1,1,856,53,6,8,61,2,1,1,857,54,5,7,61,2,1,1
https://github.com/rstudio/rstudio/commit/4983f83d1bedb7b737fc56d409c1c06b04e34e4e,src.gwt.src.org.rstudio.core.client.widget.ThemedCheckBox,59,20,97,38,7,0,22,2,1,1,97,38,7,0,22,2,1,1,92,33,5,5,22,2,1,1,92,33,5,5,22,2,1,1
https://github.com/rstudio/rstudio/commit/4983f83d1bedb7b737fc56d409c1c06b04e34e4e,src.gwt.src.org.rstudio.studio.client.workbench.views.source.editors.text.ChunkOptionsPopupPanel,334,56,432,98,51,15,59,3,0,1,432,98,51,15,59,3,0,1,430,96,28,17,60,4,0,0,430,96,28,17,60,4,0,0
https://github.com/rstudio/rstudio/commit/cb49e436b9d7ee55f2531ebc2ef1863f5c9ba9fe,src.gwt.src.org.rstudio.core.client.widget.ScrollableToolbarPopupMenu,60,11,77,17,3,0,13,2,0,0,77,17,3,0,13,2,0,0,77,17,1,0,13,2,0,0,77,17,1,0,13,2,0,0
https://github.com/selendroid/selendroid/commit/e4a309c160285708f917ea23238573da3b677f7f,selendroid-standalone.src.main.java.io.selendroid.standalone.android.impl.AbstractDevice,492,53,547,55,5,4,55,2,0,0,547,55,5,4,55,2,0,0,551,59,1,0,55,2,0,0,551,59,1,0,55,2,0,0
https://github.com/spotify/helios/commit/3ffd70929c08be5cf14f156189e8050969caa87e,helios-services.src.main.java.com.spotify.helios.master.ZooKeeperMasterModel,1330,79,1364,34,18,4,81,2,0,0,1364,34,18,4,81,2,0,0,1367,37,15,1,81,2,0,0,1367,37,15,1,81,2,0,0
https://github.com/spotify/helios/commit/da39bfeb9c370abe2d86e6e327fade252434090d,helios-tools.src.main.java.com.spotify.helios.cli.command.DeploymentGroupStatusCommand,35,4,70,35,14,8,5,1,1,1,70,35,14,8,5,1,1,1,70,35,8,8,5,1,1,1,70,35,9,8,5,1,2,1
https://github.com/spotify/helios/commit/da39bfeb9c370abe2d86e6e327fade252434090d,helios-tools.src.main.java.com.spotify.helios.cli.command.DeploymentGroupWatchCommand,0,2,32,32,54,11,4,2,0,1,34,34,53,9,4,2,0,1,34,34,21,9,5,3,1,0,31,31,25,12,4,2,3,1
https://github.com/spring-projects/spring-boot/commit/1cfc6f64f64353bc5530a8ce8cdacfc3eba3e7b2,spring-boot.src.main.java.org.springframework.boot.orm.jpa.EntityScanRegistrar,46,9,81,35,50,8,11,2,1,1,81,35,50,8,11,2,1,1,80,34,24,9,11,2,1,1,80,34,24,9,11,2,1,1
https://github.com/spring-projects/spring-boot/commit/1cfc6f64f64353bc5530a8ce8cdacfc3eba3e7b2,spring-boot.src.test.java.org.springframework.boot.orm.jpa.EntityScanTests,183,32,186,3,22,0,33,1,0,0,186,3,22,0,33,1,0,0,186,3,10,0,33,1,1,0,186,3,10,0,33,1,1,0
https://github.com/spring-projects/spring-boot/commit/20d39f7af2165c67d5221f556f58820c992d2cc6,spring-boot.src.main.java.org.springframework.boot.cloudfoundry.VcapApplicationListener,96,13,141,45,6,6,15,2,0,0,141,45,6,6,15,2,0,0,142,46,4,5,15,2,0,0,142,46,4,5,15,2,0,0
https://github.com/spring-projects/spring-boot/commit/cb98ee25ff52bf97faebe3f45cdef0ced9b4416e,spring-boot-autoconfigure.src.main.java.org.springframework.boot.autoconfigure.web.WebMvcProperties,60,16,68,8,0,0,19,3,0,0,68,8,0,0,19,3,0,0,68,8,0,0,19,3,0,0,68,8,0,0,19,3,0,0
https://github.com/spring-projects/spring-boot/commit/cb98ee25ff52bf97faebe3f45cdef0ced9b4416e,spring-boot-autoconfigure.src.test.java.org.springframework.boot.autoconfigure.web.WebMvcAutoConfigurationTests,151,24,307,156,177,165,40,16,0,4,305,154,179,167,40,16,0,4,330,179,114,142,44,20,0,0,328,177,116,144,44,20,0,0
https://github.com/spring-projects/spring-data-mongodb/commit/3224fa8ce7e0079d6ad507e17534cdf01f758876,spring-data-mongodb.src.main.java.org.springframework.data.mongodb.core.convert.UpdateMapper,196,29,209,13,7,9,30,1,1,1,209,13,7,9,30,1,1,1,212,16,7,6,30,1,1,1,212,16,7,6,30,1,1,1
https://github.com/spring-projects/spring-data-mongodb/commit/3224fa8ce7e0079d6ad507e17534cdf01f758876,spring-data-mongodb.src.test.java.org.springframework.data.mongodb.core.convert.UpdateMapperUnitTests,680,136,681,1,120,3,137,1,1,0,681,1,120,3,137,1,1,0,684,4,83,0,137,1,4,0,684,4,83,0,137,1,4,0
https://github.com/spring-projects/spring-framework/commit/dd4bc630c3de70204081ab196945d6b55ab03beb,spring-aop.src.main.java.org.springframework.aop.interceptor.AsyncExecutionAspectSupport,73,13,104,31,5,0,18,5,0,0,104,31,5,0,18,5,0,0,104,31,4,0,18,5,0,0,104,31,4,0,18,5,0,0
https://github.com/spring-projects/spring-framework/commit/dd4bc630c3de70204081ab196945d6b55ab03beb,spring-aop.src.main.java.org.springframework.aop.interceptor.AsyncExecutionInterceptor,41,5,89,48,0,0,11,6,0,0,89,48,0,0,11,6,0,0,89,48,0,0,11,6,0,0,89,48,0,0,11,6,0,0
https://github.com/spring-projects/spring-hateoas/commit/8bdc57ba8975d851fe91edc908761aacea624766,src.test.java.org.springframework.hateoas.mvc.TypeConstrainedMappingJackson2HttpMessageConverterUnitTest,6,1,23,17,45,18,3,2,1,1,20,14,46,21,3,2,1,1,14,8,37,27,3,2,1,1,14,8,41,27,3,2,2,1
https://github.com/spring-projects/spring-integration/commit/247232bdde24b81814a82100743f77d881aaf06b,spring-integration-file.src.main.java.org.springframework.integration.file.FileWritingMessageHandler,247,36,374,127,30,16,40,4,1,1,374,127,30,16,40,4,1,1,375,128,20,15,40,4,1,1,375,128,20,15,40,4,1,1
https://github.com/spring-projects/spring-integration/commit/247232bdde24b81814a82100743f77d881aaf06b,spring-integration-file.src.test.java.org.springframework.integration.file.FileWritingMessageHandlerTests,328,31,328,0,74,3,32,1,2,0,328,0,74,3,32,1,2,0,331,3,62,0,32,1,4,0,331,3,62,0,32,1,4,0
https://github.com/spring-projects/spring-security/commit/fcc9a34356817d93c24b5ccf3107ec234a28b136,web.src.main.java.org.springframework.security.web.context.SaveContextOnUpdateOrErrorResponseWrapper,49,8,213,164,12,2,85,77,0,1,202,153,12,13,82,74,2,4,211,162,16,4,84,76,1,2,203,154,20,12,83,75,4,3
https://github.com/square/javapoet/commit/5a37c2aa596377cb4c9b6f916614407fd0a7d3db,src.main.java.com.squareup.javapoet.TypeVariableName,75,11,107,32,15,0,13,2,0,0,107,32,15,0,13,2,0,0,107,32,8,0,13,2,0,0,107,32,8,0,13,2,0,0
https://github.com/square/javapoet/commit/5a37c2aa596377cb4c9b6f916614407fd0a7d3db,src.test.java.com.squareup.javapoet.TypesTest,0,1,96,96,15,13,21,20,0,2,89,89,13,20,19,18,2,4,103,103,5,6,23,22,0,0,95,95,6,14,21,20,2,2
https://github.com/structr/structr/commit/6c59050b8b03adf6d8043f3fb7add0496f447edf,structr-rest.src.main.java.org.structr.rest.resource.SchemaTypeResource,124,15,201,77,22,4,17,2,0,0,201,77,22,4,17,2,0,0,204,80,10,1,17,2,0,0,204,80,10,1,17,2,0,0
https://github.com/wicketstuff/core/commit/8ea46f48063c38473c12ca7c114106ca910b6e74,jdk-1.7-parent.wicket-foundation.wicket-foundation-core.src.test.java.org.wicketstuff.foundation.tab.FoundationTabTest,14,4,78,64,34,3,12,8,0,0,77,63,34,4,12,8,0,0,78,64,14,3,12,8,1,0,77,63,14,4,12,8,1,0
https://github.com/wicketstuff/core/commit/8ea46f48063c38473c12ca7c114106ca910b6e74,jdk-1.7-parent.wicket-foundation.wicket-foundation-samples.src.main.java.org.wicketstuff.foundation.TabPage,41,5,45,4,4,0,6,1,0,0,45,4,4,0,6,1,0,0,45,4,4,0,6,1,0,0,45,4,4,0,6,1,0,0
https://github.com/wildfly/wildfly/commit/37d842bfed9779e662321a5ee43c36b058386843,testsuite.integration.manualmode.src.test.java.org.jboss.as.test.manualmode.ws.ReloadWSDLPublisherTestCase,56,10,84,28,16,1,12,2,0,0,84,28,16,1,12,2,0,0,82,26,17,3,12,2,0,0,82,26,18,3,12,2,1,0
https://github.com/wildfly/wildfly/commit/37d842bfed9779e662321a5ee43c36b058386843,testsuite.shared.src.main.java.org.jboss.as.test.shared.ServerReload,50,3,55,5,9,7,4,1,1,1,54,4,9,8,4,1,1,1,55,5,7,7,4,1,1,1,54,4,3,8,4,1,1,1
https://github.com/wildfly/wildfly/commit/d7675fb0b19d3d22978e79954f441eeefd74a3b2,ejb3.src.main.java.org.jboss.as.ejb3.deployment.processors.merging.MethodPermissionsMergingProcessor,51,3,107,56,50,15,4,1,1,1,107,56,50,15,4,1,1,1,114,63,18,8,4,1,1,1,114,63,18,8,4,1,1,1
https://github.com/wordpress-mobile/WordPress-Android/commit/2252ed3754bff8c39db48d172ac76ac5a4e15359,WordPress.src.main.java.org.wordpress.android.ui.reader.ReaderPostListFragment,1067,113,1151,84,30,5,116,3,0,0,1151,84,30,5,116,3,0,0,1154,87,28,2,116,3,0,0,1154,87,28,2,116,3,0,0
https://github.com/wordpress-mobile/WordPress-Android/commit/3b95d10985776fb7b710089ff71074fd2bf860ee,WordPress.src.main.java.org.wordpress.android.ui.main.SitePickerAdapter,334,68,386,52,104,3,73,5,0,0,386,52,104,3,73,5,0,0,387,53,42,2,73,5,2,0,387,53,42,2,73,5,2,0
https://github.com/wordpress-mobile/WordPress-Android/commit/f8d5cf01f123a1d0a65857aa2db0571fe9cd1911,WordPress.src.main.java.org.wordpress.android.models.Blog,546,99,567,21,34,16,102,3,1,1,567,21,34,16,102,3,1,1,572,26,22,11,102,3,1,1,572,26,22,11,102,3,1,1
https://github.com/xetorthio/jedis/commit/d4b4aecbc69bbd04ba87c4e32a52cff3d129906a,src.main.java.redis.clients.util.Pool,108,14,128,20,24,11,17,3,1,1,128,20,24,11,17,3,1,1,129,21,37,10,17,3,4,1,129,21,37,10,17,3,4,1
https://github.com/zeromq/jeromq/commit/02d3fa171d02c9d82c7bdcaeb739f47d0c0006a0,src.main.java.zmq.Signaler,61,6,96,35,16,1,11,5,0,1,96,35,16,1,11,5,0,1,97,36,12,0,12,6,0,0,97,36,12,0,12,6,0,0
https://github.com/zeromq/jeromq/commit/02d3fa171d02c9d82c7bdcaeb739f47d0c0006a0,src.main.java.zmq.SocketBase,963,79,968,5,8,8,80,1,0,1,968,5,8,8,80,1,0,1,976,13,3,0,81,2,0,0,976,13,3,0,81,2,0,0
